0 0 6
1 0 11
2 0 20
3 0 32
4 0 42
5 0 45
6 0 62
7 0 66
8 0 67
9 0 83
10 0 92
11 0 100
12 0 105
13 0 107
14 0 124
15 0 150
16 0 157
17 0 182
18 0 196
19 0 213
20 0 226
21 0 228
22 0 258
23 0 263
24 0 265
25 0 278
26 0 281
27 0 286
28 0 287
29 0 301
30 0 311
31 0 336
32 0 337
33 0 338
34 0 339
35 0 340
36 0 342
37 0 355
38 0 366
39 0 372
40 0 374
41 0 376
42 0 398
43 0 399
44 0 451
45 0 454
46 0 455
47 0 483
48 0 492
49 0 499
50 0 536
51 0 545
52 0 607
53 0 684
54 0 721
55 0 737
56 0 805
57 0 811
58 0 814
59 0 828
60 0 884
61 0 889
62 0 904
63 0 923
64 0 967
65 0 968
66 1 6
67 1 11
68 1 42
69 1 124
70 1 258
71 1 311
72 1 337
73 1 451
74 1 492
75 1 805
76 1 967
77 5 6
78 5 11
79 5 42
80 5 62
81 5 67
82 5 92
83 5 124
84 5 258
85 5 311
86 5 337
87 5 342
88 5 451
89 5 492
90 5 805
91 5 967
92 6 8
93 6 9
94 6 11
95 6 13
96 6 17
97 6 20
98 6 26
99 6 31
100 6 32
101 6 42
102 6 45
103 6 48
104 6 60
105 6 62
106 6 66
107 6 67
108 6 76
109 6 82
110 6 83
111 6 88
112 6 90
113 6 91
114 6 92
115 6 93
116 6 94
117 6 100
118 6 105
119 6 107
120 6 122
121 6 124
122 6 126
123 6 142
124 6 143
125 6 148
126 6 150
127 6 152
128 6 157
129 6 159
130 6 166
131 6 168
132 6 169
133 6 170
134 6 174
135 6 178
136 6 182
137 6 183
138 6 186
139 6 189
140 6 196
141 6 199
142 6 201
143 6 204
144 6 207
145 6 208
146 6 212
147 6 213
148 6 225
149 6 226
150 6 228
151 6 232
152 6 243
153 6 246
154 6 247
155 6 251
156 6 255
157 6 256
158 6 258
159 6 259
160 6 262
161 6 263
162 6 265
163 6 271
164 6 273
165 6 275
166 6 278
167 6 279
168 6 281
169 6 283
170 6 286
171 6 287
172 6 291
173 6 292
174 6 296
175 6 297
176 6 301
177 6 305
178 6 306
179 6 310
180 6 311
181 6 315
182 6 322
183 6 328
184 6 331
185 6 336
186 6 337
187 6 338
188 6 339
189 6 340
190 6 342
191 6 345
192 6 350
193 6 355
194 6 366
195 6 368
196 6 371
197 6 372
198 6 374
199 6 376
200 6 386
201 6 391
202 6 398
203 6 399
204 6 401
205 6 402
206 6 415
207 6 416
208 6 417
209 6 418
210 6 419
211 6 424
212 6 425
213 6 427
214 6 429
215 6 431
216 6 441
217 6 444
218 6 446
219 6 451
220 6 452
221 6 454
222 6 455
223 6 462
224 6 464
225 6 467
226 6 483
227 6 488
228 6 492
229 6 494
230 6 496
231 6 499
232 6 500
233 6 501
234 6 502
235 6 530
236 6 536
237 6 537
238 6 538
239 6 545
240 6 585
241 6 605
242 6 607
243 6 610
244 6 625
245 6 644
246 6 645
247 6 656
248 6 670
249 6 671
250 6 674
251 6 682
252 6 684
253 6 685
254 6 686
255 6 691
256 6 693
257 6 702
258 6 705
259 6 708
260 6 711
261 6 721
262 6 737
263 6 739
264 6 741
265 6 752
266 6 768
267 6 770
268 6 795
269 6 799
270 6 800
271 6 802
272 6 805
273 6 808
274 6 809
275 6 811
276 6 814
277 6 818
278 6 820
279 6 822
280 6 826
281 6 828
282 6 837
283 6 846
284 6 847
285 6 881
286 6 884
287 6 887
288 6 889
289 6 892
290 6 904
291 6 905
292 6 906
293 6 908
294 6 910
295 6 914
296 6 916
297 6 920
298 6 923
299 6 944
300 6 956
301 6 964
302 6 966
303 6 967
304 6 968
305 6 969
306 6 970
307 6 982
308 8 11
309 8 42
310 8 62
311 8 67
312 8 92
313 8 124
314 8 196
315 8 258
316 8 265
317 8 286
318 8 311
319 8 337
320 8 338
321 8 339
322 8 340
323 8 342
324 8 451
325 8 455
326 8 492
327 8 499
328 8 536
329 8 721
330 8 805
331 8 884
332 8 967
333 9 11
334 9 42
335 9 124
336 9 258
337 9 337
338 9 492
339 9 967
340 11 20
341 11 32
342 11 42
343 11 45
344 11 62
345 11 66
346 11 67
347 11 83
348 11 92
349 11 93
350 11 94
351 11 100
352 11 105
353 11 107
354 11 124
355 11 142
356 11 148
357 11 150
358 11 152
359 11 157
360 11 169
361 11 182
362 11 196
363 11 204
364 11 208
365 11 212
366 11 225
367 11 226
368 11 228
369 11 246
370 11 256
371 11 258
372 11 259
373 11 262
374 11 263
375 11 265
376 11 271
377 11 278
378 11 281
379 11 283
380 11 286
381 11 287
382 11 291
383 11 301
384 11 305
385 11 310
386 11 311
387 11 328
388 11 331
389 11 336
390 11 337
391 11 338
392 11 339
393 11 340
394 11 342
395 11 345
396 11 350
397 11 355
398 11 366
399 11 372
400 11 374
401 11 376
402 11 398
403 11 399
404 11 401
405 11 418
406 11 424
407 11 425
408 11 427
409 11 446
410 11 451
411 11 454
412 11 455
413 11 483
414 11 492
415 11 494
416 11 499
417 11 500
418 11 530
419 11 536
420 11 537
421 11 538
422 11 545
423 11 585
424 11 607
425 11 671
426 11 684
427 11 686
428 11 691
429 11 702
430 11 705
431 11 721
432 11 737
433 11 768
434 11 795
435 11 802
436 11 805
437 11 808
438 11 809
439 11 811
440 11 814
441 11 822
442 11 826
443 11 828
444 11 881
445 11 884
446 11 889
447 11 892
448 11 904
449 11 923
450 11 966
451 11 967
452 11 968
453 11 969
454 13 42
455 13 124
456 13 337
457 13 492
458 13 967
459 17 42
460 17 124
461 17 337
462 17 492
463 17 967
464 18 124
465 20 42
466 20 45
467 20 62
468 20 67
469 20 83
470 20 92
471 20 100
472 20 107
473 20 124
474 20 150
475 20 196
476 20 258
477 20 265
478 20 286
479 20 311
480 20 337
481 20 338
482 20 339
483 20 340
484 20 342
485 20 374
486 20 398
487 20 451
488 20 483
489 20 492
490 20 721
491 20 805
492 20 884
493 20 967
494 26 124
495 26 492
496 26 967
497 31 42
498 31 124
499 31 258
500 31 337
501 31 342
502 31 451
503 31 492
504 31 967
505 32 42
506 32 67
507 32 92
508 32 124
509 32 196
510 32 258
511 32 286
512 32 337
513 32 338
514 32 342
515 32 374
516 32 451
517 32 483
518 32 492
519 32 721
520 32 805
521 32 884
522 32 967
523 42 45
524 42 62
525 42 66
526 42 67
527 42 76
528 42 83
529 42 88
530 42 91
531 42 92
532 42 93
533 42 94
534 42 100
535 42 105
536 42 107
537 42 122
538 42 124
539 42 126
540 42 142
541 42 148
542 42 150
543 42 152
544 42 157
545 42 159
546 42 166
547 42 168
548 42 169
549 42 182
550 42 183
551 42 189
552 42 196
553 42 201
554 42 204
555 42 208
556 42 212
557 42 213
558 42 225
559 42 226
560 42 228
561 42 243
562 42 246
563 42 256
564 42 258
565 42 259
566 42 263
567 42 265
568 42 271
569 42 273
570 42 278
571 42 281
572 42 283
573 42 286
574 42 287
575 42 291
576 42 301
577 42 305
578 42 310
579 42 311
580 42 315
581 42 328
582 42 336
583 42 337
584 42 338
585 42 339
586 42 340
587 42 342
588 42 345
589 42 350
590 42 355
591 42 366
592 42 368
593 42 372
594 42 374
595 42 376
596 42 391
597 42 398
598 42 399
599 42 401
600 42 402
601 42 416
602 42 417
603 42 418
604 42 419
605 42 424
606 42 425
607 42 427
608 42 441
609 42 446
610 42 451
611 42 454
612 42 455
613 42 462
614 42 464
615 42 483
616 42 488
617 42 492
618 42 499
619 42 500
620 42 530
621 42 536
622 42 538
623 42 545
624 42 585
625 42 607
626 42 645
627 42 671
628 42 684
629 42 686
630 42 691
631 42 693
632 42 702
633 42 705
634 42 708
635 42 711
636 42 721
637 42 737
638 42 739
639 42 768
640 42 770
641 42 795
642 42 805
643 42 808
644 42 809
645 42 811
646 42 814
647 42 818
648 42 822
649 42 826
650 42 828
651 42 847
652 42 881
653 42 884
654 42 889
655 42 892
656 42 904
657 42 906
658 42 908
659 42 910
660 42 916
661 42 923
662 42 944
663 42 966
664 42 967
665 42 968
666 42 969
667 42 970
668 45 62
669 45 66
670 45 67
671 45 83
672 45 92
673 45 100
674 45 105
675 45 107
676 45 124
677 45 150
678 45 157
679 45 169
680 45 182
681 45 196
682 45 228
683 45 258
684 45 265
685 45 278
686 45 286
687 45 287
688 45 301
689 45 310
690 45 311
691 45 337
692 45 338
693 45 339
694 45 340
695 45 342
696 45 355
697 45 366
698 45 372
699 45 374
700 45 376
701 45 398
702 45 399
703 45 451
704 45 455
705 45 483
706 45 492
707 45 499
708 45 536
709 45 545
710 45 607
711 45 671
712 45 684
713 45 721
714 45 737
715 45 805
716 45 811
717 45 828
718 45 884
719 45 904
720 45 923
721 45 967
722 45 968
723 48 124
724 60 124
725 60 967
726 62 67
727 62 83
728 62 92
729 62 100
730 62 107
731 62 124
732 62 150
733 62 169
734 62 182
735 62 196
736 62 208
737 62 226
738 62 228
739 62 258
740 62 259
741 62 265
742 62 278
743 62 281
744 62 286
745 62 287
746 62 301
747 62 310
748 62 311
749 62 337
750 62 338
751 62 339
752 62 340
753 62 342
754 62 355
755 62 366
756 62 372
757 62 374
758 62 376
759 62 398
760 62 399
761 62 451
762 62 455
763 62 483
764 62 492
765 62 499
766 62 500
767 62 536
768 62 538
769 62 545
770 62 585
771 62 671
772 62 686
773 62 721
774 62 805
775 62 811
776 62 828
777 62 884
778 62 904
779 62 923
780 62 967
781 62 968
782 66 67
783 66 92
784 66 124
785 66 196
786 66 258
787 66 278
788 66 286
789 66 301
790 66 337
791 66 338
792 66 342
793 66 366
794 66 372
795 66 374
796 66 451
797 66 483
798 66 492
799 66 721
800 66 805
801 66 884
802 66 967
803 67 76
804 67 83
805 67 88
806 67 91
807 67 92
808 67 100
809 67 105
810 67 107
811 67 122
812 67 124
813 67 150
814 67 157
815 67 169
816 67 182
817 67 183
818 67 196
819 67 204
820 67 208
821 67 213
822 67 225
823 67 226
824 67 228
825 67 246
826 67 256
827 67 258
828 67 259
829 67 263
830 67 265
831 67 271
832 67 273
833 67 278
834 67 281
835 67 283
836 67 286
837 67 287
838 67 301
839 67 305
840 67 310
841 67 311
842 67 336
843 67 337
844 67 338
845 67 339
846 67 340
847 67 342
848 67 345
849 67 355
850 67 366
851 67 372
852 67 374
853 67 376
854 67 398
855 67 399
856 67 401
857 67 416
858 67 417
859 67 419
860 67 446
861 67 451
862 67 454
863 67 455
864 67 462
865 67 464
866 67 483
867 67 492
868 67 499
869 67 500
870 67 536
871 67 538
872 67 545
873 67 585
874 67 607
875 67 671
876 67 684
877 67 686
878 67 693
879 67 721
880 67 737
881 67 739
882 67 770
883 67 795
884 67 805
885 67 809
886 67 811
887 67 814
888 67 828
889 67 847
890 67 881
891 67 884
892 67 889
893 67 892
894 67 904
895 67 906
896 67 908
897 67 923
898 67 944
899 67 967
900 67 968
901 76 124
902 76 337
903 76 492
904 76 967
905 82 124
906 82 337
907 82 492
908 82 967
909 83 92
910 83 100
911 83 107
912 83 124
913 83 150
914 83 169
915 83 182
916 83 196
917 83 228
918 83 258
919 83 265
920 83 278
921 83 281
922 83 286
923 83 287
924 83 301
925 83 311
926 83 337
927 83 338
928 83 339
929 83 340
930 83 342
931 83 355
932 83 366
933 83 372
934 83 374
935 83 376
936 83 398
937 83 399
938 83 451
939 83 455
940 83 483
941 83 492
942 83 499
943 83 536
944 83 721
945 83 805
946 83 811
947 83 828
948 83 884
949 83 967
950 83 968
951 88 92
952 88 124
953 88 258
954 88 337
955 88 342
956 88 492
957 88 967
958 90 124
959 90 492
960 90 967
961 91 124
962 91 258
963 91 337
964 91 342
965 91 451
966 91 492
967 91 721
968 91 884
969 91 967
970 92 100
971 92 105
972 92 107
973 92 124
974 92 150
975 92 157
976 92 169
977 92 182
978 92 196
979 92 208
980 92 213
981 92 225
982 92 226
983 92 228
984 92 258
985 92 259
986 92 265
987 92 278
988 92 281
989 92 283
990 92 286
991 92 287
992 92 301
993 92 305
994 92 310
995 92 311
996 92 336
997 92 337
998 92 338
999 92 339
1000 92 340
1001 92 342
1002 92 345
1003 92 355
1004 92 366
1005 92 372
1006 92 374
1007 92 376
1008 92 398
1009 92 399
1010 92 401
1011 92 451
1012 92 454
1013 92 455
1014 92 483
1015 92 492
1016 92 499
1017 92 500
1018 92 536
1019 92 538
1020 92 545
1021 92 585
1022 92 607
1023 92 671
1024 92 684
1025 92 686
1026 92 721
1027 92 737
1028 92 805
1029 92 811
1030 92 814
1031 92 828
1032 92 881
1033 92 884
1034 92 904
1035 92 923
1036 92 967
1037 92 968
1038 93 124
1039 93 258
1040 93 337
1041 93 492
1042 93 805
1043 93 967
1044 94 124
1045 94 337
1046 94 492
1047 94 967
1048 100 107
1049 100 124
1050 100 150
1051 100 182
1052 100 196
1053 100 258
1054 100 265
1055 100 278
1056 100 286
1057 100 301
1058 100 311
1059 100 337
1060 100 338
1061 100 339
1062 100 340
1063 100 342
1064 100 366
1065 100 372
1066 100 374
1067 100 376
1068 100 398
1069 100 399
1070 100 451
1071 100 455
1072 100 483
1073 100 492
1074 100 499
1075 100 536
1076 100 721
1077 100 805
1078 100 811
1079 100 884
1080 100 923
1081 100 967
1082 105 107
1083 105 124
1084 105 196
1085 105 258
1086 105 286
1087 105 337
1088 105 338
1089 105 342
1090 105 451
1091 105 492
1092 105 721
1093 105 805
1094 105 884
1095 105 967
1096 107 124
1097 107 150
1098 107 157
1099 107 169
1100 107 182
1101 107 196
1102 107 228
1103 107 258
1104 107 265
1105 107 278
1106 107 286
1107 107 287
1108 107 301
1109 107 310
1110 107 311
1111 107 337
1112 107 338
1113 107 339
1114 107 340
1115 107 342
1116 107 355
1117 107 366
1118 107 372
1119 107 374
1120 107 376
1121 107 398
1122 107 399
1123 107 451
1124 107 455
1125 107 483
1126 107 492
1127 107 499
1128 107 536
1129 107 671
1130 107 721
1131 107 737
1132 107 805
1133 107 811
1134 107 828
1135 107 884
1136 107 923
1137 107 967
1138 118 124
1139 122 124
1140 122 258
1141 122 337
1142 122 342
1143 122 451
1144 122 492
1145 122 967
1146 124 126
1147 124 127
1148 124 142
1149 124 148
1150 124 150
1151 124 152
1152 124 157
1153 124 159
1154 124 166
1155 124 168
1156 124 169
1157 124 170
1158 124 174
1159 124 178
1160 124 182
1161 124 183
1162 124 186
1163 124 189
1164 124 196
1165 124 199
1166 124 201
1167 124 203
1168 124 204
1169 124 207
1170 124 208
1171 124 212
1172 124 213
1173 124 225
1174 124 226
1175 124 228
1176 124 232
1177 124 241
1178 124 243
1179 124 246
1180 124 247
1181 124 251
1182 124 256
1183 124 258
1184 124 259
1185 124 262
1186 124 263
1187 124 265
1188 124 271
1189 124 273
1190 124 275
1191 124 276
1192 124 278
1193 124 279
1194 124 281
1195 124 283
1196 124 286
1197 124 287
1198 124 291
1199 124 292
1200 124 296
1201 124 297
1202 124 301
1203 124 305
1204 124 306
1205 124 310
1206 124 311
1207 124 315
1208 124 321
1209 124 322
1210 124 328
1211 124 331
1212 124 336
1213 124 337
1214 124 338
1215 124 339
1216 124 340
1217 124 341
1218 124 342
1219 124 345
1220 124 350
1221 124 352
1222 124 355
1223 124 366
1224 124 368
1225 124 371
1226 124 372
1227 124 374
1228 124 376
1229 124 386
1230 124 391
1231 124 398
1232 124 399
1233 124 401
1234 124 402
1235 124 415
1236 124 416
1237 124 417
1238 124 418
1239 124 419
1240 124 423
1241 124 424
1242 124 425
1243 124 427
1244 124 429
1245 124 431
1246 124 432
1247 124 441
1248 124 444
1249 124 446
1250 124 451
1251 124 452
1252 124 454
1253 124 455
1254 124 462
1255 124 464
1256 124 467
1257 124 483
1258 124 488
1259 124 492
1260 124 494
1261 124 496
1262 124 499
1263 124 500
1264 124 501
1265 124 502
1266 124 530
1267 124 536
1268 124 537
1269 124 538
1270 124 545
1271 124 585
1272 124 605
1273 124 607
1274 124 608
1275 124 610
1276 124 625
1277 124 644
1278 124 645
1279 124 656
1280 124 670
1281 124 671
1282 124 674
1283 124 682
1284 124 684
1285 124 685
1286 124 686
1287 124 691
1288 124 693
1289 124 702
1290 124 705
1291 124 708
1292 124 711
1293 124 721
1294 124 737
1295 124 739
1296 124 741
1297 124 752
1298 124 768
1299 124 770
1300 124 776
1301 124 795
1302 124 799
1303 124 802
1304 124 805
1305 124 808
1306 124 809
1307 124 811
1308 124 814
1309 124 818
1310 124 820
1311 124 822
1312 124 826
1313 124 828
1314 124 837
1315 124 846
1316 124 847
1317 124 881
1318 124 883
1319 124 884
1320 124 889
1321 124 892
1322 124 904
1323 124 905
1324 124 906
1325 124 908
1326 124 910
1327 124 914
1328 124 916
1329 124 920
1330 124 923
1331 124 944
1332 124 956
1333 124 964
1334 124 966
1335 124 967
1336 124 968
1337 124 969
1338 124 970
1339 124 982
1340 126 337
1341 126 492
1342 126 967
1343 142 258
1344 142 337
1345 142 492
1346 142 805
1347 142 967
1348 148 258
1349 148 286
1350 148 337
1351 148 342
1352 148 451
1353 148 492
1354 148 805
1355 148 967
1356 150 182
1357 150 196
1358 150 228
1359 150 258
1360 150 265
1361 150 278
1362 150 286
1363 150 287
1364 150 301
1365 150 311
1366 150 337
1367 150 338
1368 150 339
1369 150 340
1370 150 342
1371 150 355
1372 150 366
1373 150 372
1374 150 374
1375 150 376
1376 150 398
1377 150 399
1378 150 451
1379 150 455
1380 150 483
1381 150 492
1382 150 499
1383 150 536
1384 150 545
1385 150 721
1386 150 805
1387 150 811
1388 150 828
1389 150 884
1390 150 904
1391 150 923
1392 150 967
1393 150 968
1394 152 258
1395 152 337
1396 152 342
1397 152 492
1398 152 805
1399 152 967
1400 157 196
1401 157 258
1402 157 286
1403 157 337
1404 157 338
1405 157 342
1406 157 451
1407 157 492
1408 157 721
1409 157 805
1410 157 884
1411 157 967
1412 159 337
1413 159 492
1414 159 967
1415 166 337
1416 166 492
1417 166 967
1418 168 337
1419 168 492
1420 168 967
1421 169 196
1422 169 258
1423 169 265
1424 169 286
1425 169 311
1426 169 337
1427 169 338
1428 169 339
1429 169 340
1430 169 342
1431 169 399
1432 169 451
1433 169 455
1434 169 492
1435 169 499
1436 169 536
1437 169 721
1438 169 805
1439 169 884
1440 169 967
1441 170 492
1442 174 492
1443 174 967
1444 178 492
1445 178 967
1446 182 196
1447 182 258
1448 182 265
1449 182 278
1450 182 286
1451 182 287
1452 182 301
1453 182 311
1454 182 337
1455 182 338
1456 182 339
1457 182 340
1458 182 342
1459 182 366
1460 182 374
1461 182 398
1462 182 451
1463 182 455
1464 182 483
1465 182 492
1466 182 499
1467 182 536
1468 182 721
1469 182 805
1470 182 811
1471 182 884
1472 182 923
1473 182 967
1474 183 258
1475 183 337
1476 183 342
1477 183 451
1478 183 492
1479 183 884
1480 183 967
1481 186 492
1482 186 967
1483 189 337
1484 189 492
1485 189 967
1486 196 208
1487 196 213
1488 196 225
1489 196 226
1490 196 228
1491 196 256
1492 196 258
1493 196 259
1494 196 265
1495 196 271
1496 196 278
1497 196 281
1498 196 283
1499 196 286
1500 196 287
1501 196 301
1502 196 305
1503 196 310
1504 196 311
1505 196 336
1506 196 337
1507 196 338
1508 196 339
1509 196 340
1510 196 342
1511 196 345
1512 196 355
1513 196 366
1514 196 372
1515 196 374
1516 196 376
1517 196 398
1518 196 399
1519 196 401
1520 196 417
1521 196 451
1522 196 454
1523 196 455
1524 196 483
1525 196 492
1526 196 499
1527 196 500
1528 196 536
1529 196 538
1530 196 545
1531 196 585
1532 196 607
1533 196 671
1534 196 684
1535 196 686
1536 196 721
1537 196 737
1538 196 770
1539 196 805
1540 196 811
1541 196 814
1542 196 828
1543 196 881
1544 196 884
1545 196 889
1546 196 904
1547 196 906
1548 196 923
1549 196 967
1550 196 968
1551 199 967
1552 201 492
1553 201 967
1554 204 258
1555 204 286
1556 204 337
1557 204 342
1558 204 451
1559 204 492
1560 204 884
1561 204 967
1562 208 258
1563 208 265
1564 208 286
1565 208 311
1566 208 337
1567 208 338
1568 208 339
1569 208 342
1570 208 451
1571 208 492
1572 208 499
1573 208 536
1574 208 721
1575 208 805
1576 208 884
1577 208 967
1578 212 258
1579 212 337
1580 212 492
1581 212 967
1582 213 258
1583 213 286
1584 213 337
1585 213 342
1586 213 366
1587 213 374
1588 213 451
1589 213 492
1590 213 721
1591 213 884
1592 213 967
1593 225 258
1594 225 286
1595 225 337
1596 225 342
1597 225 451
1598 225 492
1599 225 721
1600 225 805
1601 225 884
1602 225 967
1603 226 258
1604 226 286
1605 226 311
1606 226 337
1607 226 338
1608 226 342
1609 226 374
1610 226 451
1611 226 483
1612 226 492
1613 226 805
1614 226 884
1615 226 967
1616 228 258
1617 228 265
1618 228 286
1619 228 311
1620 228 337
1621 228 338
1622 228 339
1623 228 340
1624 228 342
1625 228 374
1626 228 399
1627 228 451
1628 228 455
1629 228 483
1630 228 492
1631 228 499
1632 228 536
1633 228 721
1634 228 805
1635 228 884
1636 228 967
1637 232 492
1638 232 967
1639 241 492
1640 243 337
1641 243 492
1642 243 967
1643 246 258
1644 246 337
1645 246 342
1646 246 451
1647 246 492
1648 246 967
1649 247 492
1650 256 258
1651 256 265
1652 256 286
1653 256 311
1654 256 337
1655 256 342
1656 256 451
1657 256 492
1658 256 805
1659 256 967
1660 258 259
1661 258 263
1662 258 265
1663 258 271
1664 258 273
1665 258 278
1666 258 281
1667 258 283
1668 258 286
1669 258 287
1670 258 291
1671 258 292
1672 258 301
1673 258 305
1674 258 310
1675 258 311
1676 258 328
1677 258 331
1678 258 336
1679 258 337
1680 258 338
1681 258 339
1682 258 340
1683 258 342
1684 258 345
1685 258 350
1686 258 355
1687 258 366
1688 258 372
1689 258 374
1690 258 376
1691 258 398
1692 258 399
1693 258 401
1694 258 417
1695 258 418
1696 258 419
1697 258 424
1698 258 425
1699 258 427
1700 258 446
1701 258 451
1702 258 454
1703 258 455
1704 258 462
1705 258 464
1706 258 483
1707 258 492
1708 258 499
1709 258 500
1710 258 530
1711 258 536
1712 258 537
1713 258 538
1714 258 545
1715 258 585
1716 258 607
1717 258 671
1718 258 684
1719 258 686
1720 258 691
1721 258 702
1722 258 705
1723 258 721
1724 258 737
1725 258 739
1726 258 768
1727 258 770
1728 258 795
1729 258 802
1730 258 805
1731 258 808
1732 258 809
1733 258 811
1734 258 814
1735 258 822
1736 258 826
1737 258 828
1738 258 847
1739 258 881
1740 258 884
1741 258 889
1742 258 892
1743 258 904
1744 258 906
1745 258 923
1746 258 967
1747 258 968
1748 259 265
1749 259 286
1750 259 311
1751 259 337
1752 259 338
1753 259 339
1754 259 340
1755 259 342
1756 259 399
1757 259 451
1758 259 455
1759 259 492
1760 259 499
1761 259 536
1762 259 805
1763 259 967
1764 263 337
1765 263 342
1766 263 451
1767 263 492
1768 263 884
1769 263 967
1770 265 278
1771 265 281
1772 265 286
1773 265 287
1774 265 301
1775 265 310
1776 265 311
1777 265 337
1778 265 338
1779 265 339
1780 265 340
1781 265 342
1782 265 355
1783 265 366
1784 265 372
1785 265 374
1786 265 376
1787 265 398
1788 265 399
1789 265 451
1790 265 455
1791 265 483
1792 265 492
1793 265 499
1794 265 500
1795 265 536
1796 265 538
1797 265 545
1798 265 585
1799 265 671
1800 265 686
1801 265 721
1802 265 805
1803 265 811
1804 265 828
1805 265 884
1806 265 967
1807 265 968
1808 271 286
1809 271 337
1810 271 342
1811 271 451
1812 271 492
1813 271 884
1814 271 967
1815 273 337
1816 273 342
1817 273 451
1818 273 492
1819 273 884
1820 273 967
1821 278 281
1822 278 286
1823 278 287
1824 278 301
1825 278 311
1826 278 336
1827 278 337
1828 278 338
1829 278 339
1830 278 340
1831 278 342
1832 278 355
1833 278 366
1834 278 372
1835 278 374
1836 278 376
1837 278 398
1838 278 399
1839 278 451
1840 278 455
1841 278 483
1842 278 492
1843 278 499
1844 278 536
1845 278 545
1846 278 721
1847 278 805
1848 278 811
1849 278 884
1850 278 904
1851 278 967
1852 279 492
1853 281 286
1854 281 311
1855 281 337
1856 281 338
1857 281 339
1858 281 340
1859 281 342
1860 281 372
1861 281 374
1862 281 399
1863 281 451
1864 281 455
1865 281 483
1866 281 492
1867 281 499
1868 281 536
1869 281 805
1870 281 884
1871 281 967
1872 283 286
1873 283 337
1874 283 342
1875 283 451
1876 283 492
1877 283 805
1878 283 967
1879 286 287
1880 286 301
1881 286 305
1882 286 310
1883 286 311
1884 286 336
1885 286 337
1886 286 338
1887 286 339
1888 286 340
1889 286 342
1890 286 345
1891 286 355
1892 286 366
1893 286 372
1894 286 374
1895 286 376
1896 286 398
1897 286 399
1898 286 401
1899 286 425
1900 286 446
1901 286 451
1902 286 454
1903 286 455
1904 286 462
1905 286 483
1906 286 492
1907 286 499
1908 286 500
1909 286 536
1910 286 538
1911 286 545
1912 286 585
1913 286 607
1914 286 671
1915 286 684
1916 286 686
1917 286 721
1918 286 737
1919 286 770
1920 286 795
1921 286 805
1922 286 809
1923 286 811
1924 286 814
1925 286 822
1926 286 828
1927 286 881
1928 286 884
1929 286 889
1930 286 904
1931 286 906
1932 286 923
1933 286 967
1934 286 968
1935 287 301
1936 287 311
1937 287 337
1938 287 338
1939 287 339
1940 287 340
1941 287 342
1942 287 366
1943 287 372
1944 287 374
1945 287 376
1946 287 398
1947 287 451
1948 287 455
1949 287 483
1950 287 492
1951 287 499
1952 287 536
1953 287 721
1954 287 805
1955 287 884
1956 287 923
1957 287 967
1958 291 337
1959 291 492
1960 291 967
1961 292 492
1962 292 967
1963 296 337
1964 296 492
1965 296 967
1966 297 492
1967 301 311
1968 301 337
1969 301 338
1970 301 339
1971 301 340
1972 301 342
1973 301 355
1974 301 366
1975 301 372
1976 301 374
1977 301 376
1978 301 398
1979 301 399
1980 301 451
1981 301 455
1982 301 483
1983 301 492
1984 301 499
1985 301 536
1986 301 545
1987 301 721
1988 301 737
1989 301 805
1990 301 811
1991 301 884
1992 301 904
1993 301 923
1994 301 967
1995 305 337
1996 305 338
1997 305 342
1998 305 451
1999 305 492
2000 305 721
2001 305 805
2002 305 884
2003 305 967
2004 306 492
2005 310 311
2006 310 337
2007 310 338
2008 310 339
2009 310 342
2010 310 374
2011 310 451
2012 310 455
2013 310 492
2014 310 499
2015 310 536
2016 310 721
2017 310 805
2018 310 884
2019 310 967
2020 311 337
2021 311 338
2022 311 339
2023 311 340
2024 311 342
2025 311 355
2026 311 366
2027 311 372
2028 311 374
2029 311 376
2030 311 398
2031 311 399
2032 311 451
2033 311 455
2034 311 483
2035 311 492
2036 311 499
2037 311 500
2038 311 536
2039 311 538
2040 311 545
2041 311 585
2042 311 671
2043 311 686
2044 311 721
2045 311 805
2046 311 811
2047 311 822
2048 311 828
2049 311 881
2050 311 884
2051 311 967
2052 311 968
2053 315 337
2054 315 342
2055 315 492
2056 315 967
2057 321 492
2058 322 337
2059 322 492
2060 322 967
2061 328 337
2062 328 492
2063 328 967
2064 331 337
2065 331 492
2066 331 967
2067 336 337
2068 336 338
2069 336 339
2070 336 342
2071 336 374
2072 336 451
2073 336 483
2074 336 492
2075 336 536
2076 336 805
2077 336 884
2078 336 967
2079 337 338
2080 337 339
2081 337 340
2082 337 342
2083 337 345
2084 337 350
2085 337 355
2086 337 366
2087 337 368
2088 337 372
2089 337 374
2090 337 376
2091 337 391
2092 337 398
2093 337 399
2094 337 401
2095 337 402
2096 337 415
2097 337 416
2098 337 417
2099 337 418
2100 337 419
2101 337 424
2102 337 425
2103 337 427
2104 337 429
2105 337 441
2106 337 446
2107 337 451
2108 337 454
2109 337 455
2110 337 462
2111 337 464
2112 337 483
2113 337 492
2114 337 494
2115 337 496
2116 337 499
2117 337 500
2118 337 530
2119 337 536
2120 337 537
2121 337 538
2122 337 545
2123 337 585
2124 337 605
2125 337 607
2126 337 645
2127 337 670
2128 337 671
2129 337 684
2130 337 686
2131 337 691
2132 337 693
2133 337 702
2134 337 705
2135 337 708
2136 337 721
2137 337 737
2138 337 739
2139 337 768
2140 337 770
2141 337 795
2142 337 799
2143 337 800
2144 337 802
2145 337 805
2146 337 808
2147 337 809
2148 337 811
2149 337 814
2150 337 818
2151 337 820
2152 337 822
2153 337 826
2154 337 828
2155 337 847
2156 337 881
2157 337 884
2158 337 889
2159 337 892
2160 337 904
2161 337 906
2162 337 908
2163 337 916
2164 337 923
2165 337 944
2166 337 966
2167 337 967
2168 337 968
2169 337 969
2170 338 339
2171 338 340
2172 338 342
2173 338 355
2174 338 366
2175 338 372
2176 338 374
2177 338 376
2178 338 398
2179 338 399
2180 338 451
2181 338 455
2182 338 483
2183 338 492
2184 338 499
2185 338 500
2186 338 536
2187 338 538
2188 338 545
2189 338 585
2190 338 607
2191 338 671
2192 338 684
2193 338 686
2194 338 721
2195 338 737
2196 338 805
2197 338 811
2198 338 814
2199 338 828
2200 338 881
2201 338 884
2202 338 904
2203 338 906
2204 338 923
2205 338 967
2206 338 968
2207 339 340
2208 339 342
2209 339 355
2210 339 366
2211 339 372
2212 339 374
2213 339 376
2214 339 398
2215 339 399
2216 339 451
2217 339 455
2218 339 483
2219 339 492
2220 339 499
2221 339 536
2222 339 538
2223 339 545
2224 339 585
2225 339 671
2226 339 686
2227 339 721
2228 339 737
2229 339 805
2230 339 811
2231 339 828
2232 339 881
2233 339 884
2234 339 904
2235 339 923
2236 339 967
2237 339 968
2238 340 342
2239 340 355
2240 340 366
2241 340 372
2242 340 374
2243 340 376
2244 340 398
2245 340 399
2246 340 451
2247 340 455
2248 340 483
2249 340 492
2250 340 499
2251 340 500
2252 340 536
2253 340 538
2254 340 585
2255 340 671
2256 340 686
2257 340 721
2258 340 805
2259 340 811
2260 340 828
2261 340 881
2262 340 884
2263 340 923
2264 340 967
2265 340 968
2266 342 345
2267 342 350
2268 342 355
2269 342 366
2270 342 372
2271 342 374
2272 342 376
2273 342 398
2274 342 399
2275 342 401
2276 342 417
2277 342 418
2278 342 419
2279 342 425
2280 342 427
2281 342 446
2282 342 451
2283 342 454
2284 342 455
2285 342 462
2286 342 464
2287 342 483
2288 342 492
2289 342 499
2290 342 500
2291 342 536
2292 342 538
2293 342 545
2294 342 585
2295 342 607
2296 342 671
2297 342 684
2298 342 686
2299 342 693
2300 342 705
2301 342 721
2302 342 737
2303 342 770
2304 342 795
2305 342 805
2306 342 808
2307 342 809
2308 342 811
2309 342 814
2310 342 822
2311 342 828
2312 342 847
2313 342 881
2314 342 884
2315 342 889
2316 342 892
2317 342 904
2318 342 906
2319 342 923
2320 342 967
2321 342 968
2322 345 451
2323 345 492
2324 345 721
2325 345 805
2326 345 884
2327 345 967
2328 350 492
2329 350 967
2330 352 967
2331 355 372
2332 355 374
2333 355 376
2334 355 398
2335 355 399
2336 355 451
2337 355 455
2338 355 483
2339 355 492
2340 355 499
2341 355 536
2342 355 721
2343 355 805
2344 355 811
2345 355 884
2346 355 967
2347 355 968
2348 366 372
2349 366 374
2350 366 376
2351 366 398
2352 366 451
2353 366 455
2354 366 483
2355 366 492
2356 366 499
2357 366 536
2358 366 545
2359 366 721
2360 366 805
2361 366 828
2362 366 884
2363 366 904
2364 366 923
2365 366 967
2366 368 492
2367 368 967
2368 372 374
2369 372 376
2370 372 398
2371 372 399
2372 372 451
2373 372 455
2374 372 483
2375 372 492
2376 372 499
2377 372 536
2378 372 545
2379 372 721
2380 372 805
2381 372 811
2382 372 828
2383 372 884
2384 372 923
2385 372 967
2386 372 968
2387 374 376
2388 374 398
2389 374 399
2390 374 401
2391 374 451
2392 374 454
2393 374 455
2394 374 483
2395 374 492
2396 374 499
2397 374 536
2398 374 545
2399 374 607
2400 374 684
2401 374 686
2402 374 721
2403 374 805
2404 374 811
2405 374 828
2406 374 884
2407 374 904
2408 374 923
2409 374 967
2410 374 968
2411 376 398
2412 376 399
2413 376 451
2414 376 455
2415 376 483
2416 376 492
2417 376 499
2418 376 536
2419 376 721
2420 376 805
2421 376 811
2422 376 828
2423 376 884
2424 376 923
2425 376 967
2426 376 968
2427 386 492
2428 386 967
2429 391 492
2430 391 967
2431 398 399
2432 398 451
2433 398 455
2434 398 483
2435 398 492
2436 398 499
2437 398 536
2438 398 545
2439 398 684
2440 398 721
2441 398 805
2442 398 811
2443 398 828
2444 398 884
2445 398 904
2446 398 923
2447 398 967
2448 399 451
2449 399 455
2450 399 483
2451 399 492
2452 399 499
2453 399 536
2454 399 686
2455 399 721
2456 399 805
2457 399 811
2458 399 884
2459 399 967
2460 399 968
2461 401 451
2462 401 492
2463 401 805
2464 401 884
2465 401 967
2466 402 492
2467 402 967
2468 415 492
2469 415 967
2470 416 451
2471 416 492
2472 416 967
2473 417 451
2474 417 492
2475 417 721
2476 417 884
2477 417 967
2478 418 492
2479 418 967
2480 419 451
2481 419 492
2482 419 967
2483 424 492
2484 424 805
2485 424 967
2486 425 492
2487 425 805
2488 425 967
2489 427 492
2490 427 967
2491 429 492
2492 429 967
2493 431 492
2494 431 967
2495 441 492
2496 441 967
2497 446 492
2498 446 805
2499 446 967
2500 451 454
2501 451 455
2502 451 462
2503 451 464
2504 451 483
2505 451 492
2506 451 499
2507 451 500
2508 451 536
2509 451 538
2510 451 545
2511 451 585
2512 451 607
2513 451 671
2514 451 684
2515 451 686
2516 451 693
2517 451 721
2518 451 737
2519 451 739
2520 451 768
2521 451 770
2522 451 795
2523 451 805
2524 451 809
2525 451 811
2526 451 814
2527 451 828
2528 451 847
2529 451 881
2530 451 884
2531 451 889
2532 451 892
2533 451 904
2534 451 906
2535 451 908
2536 451 923
2537 451 967
2538 451 968
2539 452 492
2540 452 967
2541 454 483
2542 454 492
2543 454 805
2544 454 884
2545 454 967
2546 455 483
2547 455 492
2548 455 499
2549 455 536
2550 455 585
2551 455 671
2552 455 686
2553 455 721
2554 455 805
2555 455 811
2556 455 828
2557 455 884
2558 455 967
2559 455 968
2560 462 492
2561 462 721
2562 462 884
2563 462 967
2564 464 492
2565 464 884
2566 464 967
2567 467 492
2568 467 967
2569 483 492
2570 483 499
2571 483 536
2572 483 545
2573 483 684
2574 483 721
2575 483 737
2576 483 805
2577 483 811
2578 483 828
2579 483 884
2580 483 904
2581 483 923
2582 483 967
2583 483 968
2584 488 492
2585 488 967
2586 492 494
2587 492 496
2588 492 499
2589 492 500
2590 492 530
2591 492 536
2592 492 537
2593 492 538
2594 492 545
2595 492 585
2596 492 605
2597 492 607
2598 492 625
2599 492 645
2600 492 656
2601 492 670
2602 492 671
2603 492 674
2604 492 682
2605 492 684
2606 492 686
2607 492 691
2608 492 693
2609 492 702
2610 492 705
2611 492 708
2612 492 711
2613 492 721
2614 492 737
2615 492 739
2616 492 752
2617 492 768
2618 492 770
2619 492 795
2620 492 802
2621 492 805
2622 492 808
2623 492 809
2624 492 811
2625 492 814
2626 492 818
2627 492 820
2628 492 822
2629 492 826
2630 492 828
2631 492 847
2632 492 881
2633 492 883
2634 492 884
2635 492 889
2636 492 892
2637 492 904
2638 492 905
2639 492 906
2640 492 908
2641 492 910
2642 492 916
2643 492 920
2644 492 923
2645 492 944
2646 492 966
2647 492 967
2648 492 968
2649 492 969
2650 492 970
2651 494 967
2652 496 967
2653 499 500
2654 499 536
2655 499 538
2656 499 585
2657 499 671
2658 499 686
2659 499 721
2660 499 805
2661 499 811
2662 499 884
2663 499 967
2664 499 968
2665 500 536
2666 500 805
2667 500 967
2668 530 967
2669 536 538
2670 536 585
2671 536 671
2672 536 686
2673 536 721
2674 536 805
2675 536 811
2676 536 822
2677 536 881
2678 536 884
2679 536 967
2680 536 968
2681 537 967
2682 538 805
2683 538 967
2684 545 721
2685 545 805
2686 545 884
2687 545 967
2688 585 805
2689 585 967
2690 605 967
2691 607 721
2692 607 884
2693 607 967
2694 610 967
2695 645 967
2696 656 967
2697 670 967
2698 671 721
2699 671 805
2700 671 884
2701 671 967
2702 682 967
2703 684 721
2704 684 805
2705 684 884
2706 684 967
2707 685 967
2708 686 805
2709 686 967
2710 691 805
2711 691 967
2712 693 721
2713 693 884
2714 693 967
2715 702 967
2716 705 967
2717 708 967
2718 711 967
2719 721 737
2720 721 770
2721 721 805
2722 721 811
2723 721 814
2724 721 828
2725 721 881
2726 721 884
2727 721 889
2728 721 904
2729 721 906
2730 721 923
2731 721 967
2732 721 968
2733 737 805
2734 737 884
2735 737 967
2736 739 967
2737 752 967
2738 768 967
2739 770 884
2740 770 967
2741 795 967
2742 799 967
2743 800 967
2744 802 805
2745 802 967
2746 805 808
2747 805 809
2748 805 811
2749 805 822
2750 805 826
2751 805 828
2752 805 881
2753 805 884
2754 805 892
2755 805 904
2756 805 967
2757 805 968
2758 808 967
2759 809 967
2760 811 884
2761 811 967
2762 811 968
2763 814 884
2764 814 967
2765 818 967
2766 820 967
2767 822 967
2768 826 967
2769 828 884
2770 828 923
2771 828 967
2772 828 968
2773 847 967
2774 881 884
2775 881 967
2776 883 967
2777 884 889
2778 884 904
2779 884 906
2780 884 908
2781 884 923
2782 884 967
2783 884 968
2784 889 967
2785 892 967
2786 904 967
2787 905 967
2788 906 967
2789 908 967
2790 910 967
2791 916 967
2792 920 967
2793 923 967
2794 944 967
2795 966 967
2796 967 968
2797 967 969
2798 967 970
0 0 6
1 0 11
2 0 20
3 0 32
4 0 42
5 0 45
6 0 62
7 0 66
8 0 67
9 0 83
10 0 92
11 0 100
12 0 105
13 0 107
14 0 124
15 0 150
16 0 157
17 0 182
18 0 196
19 0 213
20 0 226
21 0 228
22 0 258
23 0 263
24 0 265
25 0 278
26 0 281
27 0 286
28 0 287
29 0 301
30 0 311
31 0 336
32 0 337
33 0 338
34 0 339
35 0 340
36 0 342
37 0 355
38 0 366
39 0 372
40 0 374
41 0 376
42 0 398
43 0 399
44 0 451
45 0 454
46 0 455
47 0 483
48 0 492
49 0 499
50 0 536
51 0 545
52 0 607
53 0 684
54 0 721
55 0 737
56 0 805
57 0 811
58 0 814
59 0 828
60 0 884
61 0 889
62 0 904
63 0 923
64 0 967
65 0 968
66 1 6
67 1 11
68 1 42
69 1 124
70 1 258
71 1 311
72 1 337
73 1 451
74 1 492
75 1 805
76 1 967
77 5 6
78 5 11
79 5 42
80 5 62
81 5 67
82 5 92
83 5 124
84 5 258
85 5 311
86 5 337
87 5 342
88 5 451
89 5 492
90 5 805
91 5 967
92 6 8
93 6 9
94 6 11
95 6 13
96 6 17
97 6 20
98 6 26
99 6 31
100 6 32
101 6 42
102 6 45
103 6 48
104 6 60
105 6 62
106 6 66
107 6 67
108 6 76
109 6 82
110 6 83
111 6 88
112 6 90
113 6 91
114 6 92
115 6 93
116 6 94
117 6 100
118 6 105
119 6 107
120 6 122
121 6 124
122 6 126
123 6 142
124 6 143
125 6 148
126 6 150
127 6 152
128 6 157
129 6 159
130 6 166
131 6 168
132 6 169
133 6 170
134 6 174
135 6 178
136 6 182
137 6 183
138 6 186
139 6 189
140 6 196
141 6 199
142 6 201
143 6 204
144 6 207
145 6 208
146 6 212
147 6 213
148 6 225
149 6 226
150 6 228
151 6 232
152 6 243
153 6 246
154 6 247
155 6 251
156 6 255
157 6 256
158 6 258
159 6 259
160 6 262
161 6 263
162 6 265
163 6 271
164 6 273
165 6 275
166 6 278
167 6 279
168 6 281
169 6 283
170 6 286
171 6 287
172 6 291
173 6 292
174 6 296
175 6 297
176 6 301
177 6 305
178 6 306
179 6 310
180 6 311
181 6 315
182 6 322
183 6 328
184 6 331
185 6 336
186 6 337
187 6 338
188 6 339
189 6 340
190 6 342
191 6 345
192 6 350
193 6 355
194 6 366
195 6 368
196 6 371
197 6 372
198 6 374
199 6 376
200 6 386
201 6 391
202 6 398
203 6 399
204 6 401
205 6 402
206 6 415
207 6 416
208 6 417
209 6 418
210 6 419
211 6 424
212 6 425
213 6 427
214 6 429
215 6 431
216 6 441
217 6 444
218 6 446
219 6 451
220 6 452
221 6 454
222 6 455
223 6 462
224 6 464
225 6 467
226 6 483
227 6 488
228 6 492
229 6 494
230 6 496
231 6 499
232 6 500
233 6 501
234 6 502
235 6 530
236 6 536
237 6 537
238 6 538
239 6 545
240 6 585
241 6 605
242 6 607
243 6 610
244 6 625
245 6 644
246 6 645
247 6 656
248 6 670
249 6 671
250 6 674
251 6 682
252 6 684
253 6 685
254 6 686
255 6 691
256 6 693
257 6 702
258 6 705
259 6 708
260 6 711
261 6 721
262 6 737
263 6 739
264 6 741
265 6 752
266 6 768
267 6 770
268 6 795
269 6 799
270 6 800
271 6 802
272 6 805
273 6 808
274 6 809
275 6 811
276 6 814
277 6 818
278 6 820
279 6 822
280 6 826
281 6 828
282 6 837
283 6 846
284 6 847
285 6 881
286 6 884
287 6 887
288 6 889
289 6 892
290 6 904
291 6 905
292 6 906
293 6 908
294 6 910
295 6 914
296 6 916
297 6 920
298 6 923
299 6 944
300 6 956
301 6 964
302 6 966
303 6 967
304 6 968
305 6 969
306 6 970
307 6 982
308 8 11
309 8 42
310 8 62
311 8 67
312 8 92
313 8 124
314 8 196
315 8 258
316 8 265
317 8 286
318 8 311
319 8 337
320 8 338
321 8 339
322 8 340
323 8 342
324 8 451
325 8 455
326 8 492
327 8 499
328 8 536
329 8 721
330 8 805
331 8 884
332 8 967
333 9 11
334 9 42
335 9 124
336 9 258
337 9 337
338 9 492
339 9 967
340 11 20
341 11 32
342 11 42
343 11 45
344 11 62
345 11 66
346 11 67
347 11 83
348 11 92
349 11 93
350 11 94
351 11 100
352 11 105
353 11 107
354 11 124
355 11 142
356 11 148
357 11 150
358 11 152
359 11 157
360 11 169
361 11 182
362 11 196
363 11 204
364 11 208
365 11 212
366 11 225
367 11 226
368 11 228
369 11 246
370 11 256
371 11 258
372 11 259
373 11 262
374 11 263
375 11 265
376 11 271
377 11 278
378 11 281
379 11 283
380 11 286
381 11 287
382 11 291
383 11 301
384 11 305
385 11 310
386 11 311
387 11 328
388 11 331
389 11 336
390 11 337
391 11 338
392 11 339
393 11 340
394 11 342
395 11 345
396 11 350
397 11 355
398 11 366
399 11 372
400 11 374
401 11 376
402 11 398
403 11 399
404 11 401
405 11 418
406 11 424
407 11 425
408 11 427
409 11 446
410 11 451
411 11 454
412 11 455
413 11 483
414 11 492
415 11 494
416 11 499
417 11 500
418 11 530
419 11 536
420 11 537
421 11 538
422 11 545
423 11 585
424 11 607
425 11 671
426 11 684
427 11 686
428 11 691
429 11 702
430 11 705
431 11 721
432 11 737
433 11 768
434 11 795
435 11 802
436 11 805
437 11 808
438 11 809
439 11 811
440 11 814
441 11 822
442 11 826
443 11 828
444 11 881
445 11 884
446 11 889
447 11 892
448 11 904
449 11 923
450 11 966
451 11 967
452 11 968
453 11 969
454 13 42
455 13 124
456 13 337
457 13 492
458 13 967
459 17 42
460 17 124
461 17 337
462 17 492
463 17 967
464 18 124
465 20 42
466 20 45
467 20 62
468 20 67
469 20 83
470 20 92
471 20 100
472 20 107
473 20 124
474 20 150
475 20 196
476 20 258
477 20 265
478 20 286
479 20 311
480 20 337
481 20 338
482 20 339
483 20 340
484 20 342
485 20 374
486 20 398
487 20 451
488 20 483
489 20 492
490 20 721
491 20 805
492 20 884
493 20 967
494 26 124
495 26 492
496 26 967
497 31 42
498 31 124
499 31 258
500 31 337
501 31 342
502 31 451
503 31 492
504 31 967
505 32 42
506 32 67
507 32 92
508 32 124
509 32 196
510 32 258
511 32 286
512 32 337
513 32 338
514 32 342
515 32 374
516 32 451
517 32 483
518 32 492
519 32 721
520 32 805
521 32 884
522 32 967
523 42 45
524 42 62
525 42 66
526 42 67
527 42 76
528 42 83
529 42 88
530 42 91
531 42 92
532 42 93
533 42 94
534 42 100
535 42 105
536 42 107
537 42 122
538 42 124
539 42 126
540 42 142
541 42 148
542 42 150
543 42 152
544 42 157
545 42 159
546 42 166
547 42 168
548 42 169
549 42 182
550 42 183
551 42 189
552 42 196
553 42 201
554 42 204
555 42 208
556 42 212
557 42 213
558 42 225
559 42 226
560 42 228
561 42 243
562 42 246
563 42 256
564 42 258
565 42 259
566 42 263
567 42 265
568 42 271
569 42 273
570 42 278
571 42 281
572 42 283
573 42 286
574 42 287
575 42 291
576 42 301
577 42 305
578 42 310
579 42 311
580 42 315
581 42 328
582 42 336
583 42 337
584 42 338
585 42 339
586 42 340
587 42 342
588 42 345
589 42 350
590 42 355
591 42 366
592 42 368
593 42 372
594 42 374
595 42 376
596 42 391
597 42 398
598 42 399
599 42 401
600 42 402
601 42 416
602 42 417
603 42 418
604 42 419
605 42 424
606 42 425
607 42 427
608 42 441
609 42 446
610 42 451
611 42 454
612 42 455
613 42 462
614 42 464
615 42 483
616 42 488
617 42 492
618 42 499
619 42 500
620 42 530
621 42 536
622 42 538
623 42 545
624 42 585
625 42 607
626 42 645
627 42 671
628 42 684
629 42 686
630 42 691
631 42 693
632 42 702
633 42 705
634 42 708
635 42 711
636 42 721
637 42 737
638 42 739
639 42 768
640 42 770
641 42 795
642 42 805
643 42 808
644 42 809
645 42 811
646 42 814
647 42 818
648 42 822
649 42 826
650 42 828
651 42 847
652 42 881
653 42 884
654 42 889
655 42 892
656 42 904
657 42 906
658 42 908
659 42 910
660 42 916
661 42 923
662 42 944
663 42 966
664 42 967
665 42 968
666 42 969
667 42 970
668 45 62
669 45 66
670 45 67
671 45 83
672 45 92
673 45 100
674 45 105
675 45 107
676 45 124
677 45 150
678 45 157
679 45 169
680 45 182
681 45 196
682 45 228
683 45 258
684 45 265
685 45 278
686 45 286
687 45 287
688 45 301
689 45 310
690 45 311
691 45 337
692 45 338
693 45 339
694 45 340
695 45 342
696 45 355
697 45 366
698 45 372
699 45 374
700 45 376
701 45 398
702 45 399
703 45 451
704 45 455
705 45 483
706 45 492
707 45 499
708 45 536
709 45 545
710 45 607
711 45 671
712 45 684
713 45 721
714 45 737
715 45 805
716 45 811
717 45 828
718 45 884
719 45 904
720 45 923
721 45 967
722 45 968
723 48 124
724 60 124
725 60 967
726 62 67
727 62 83
728 62 92
729 62 100
730 62 107
731 62 124
732 62 150
733 62 169
734 62 182
735 62 196
736 62 208
737 62 226
738 62 228
739 62 258
740 62 259
741 62 265
742 62 278
743 62 281
744 62 286
745 62 287
746 62 301
747 62 310
748 62 311
749 62 337
750 62 338
751 62 339
752 62 340
753 62 342
754 62 355
755 62 366
756 62 372
757 62 374
758 62 376
759 62 398
760 62 399
761 62 451
762 62 455
763 62 483
764 62 492
765 62 499
766 62 500
767 62 536
768 62 538
769 62 545
770 62 585
771 62 671
772 62 686
773 62 721
774 62 805
775 62 811
776 62 828
777 62 884
778 62 904
779 62 923
780 62 967
781 62 968
782 66 67
783 66 92
784 66 124
785 66 196
786 66 258
787 66 278
788 66 286
789 66 301
790 66 337
791 66 338
792 66 342
793 66 366
794 66 372
795 66 374
796 66 451
797 66 483
798 66 492
799 66 721
800 66 805
801 66 884
802 66 967
803 67 76
804 67 83
805 67 88
806 67 91
807 67 92
808 67 100
809 67 105
810 67 107
811 67 122
812 67 124
813 67 150
814 67 157
815 67 169
816 67 182
817 67 183
818 67 196
819 67 204
820 67 208
821 67 213
822 67 225
823 67 226
824 67 228
825 67 246
826 67 256
827 67 258
828 67 259
829 67 263
830 67 265
831 67 271
832 67 273
833 67 278
834 67 281
835 67 283
836 67 286
837 67 287
838 67 301
839 67 305
840 67 310
841 67 311
842 67 336
843 67 337
844 67 338
845 67 339
846 67 340
847 67 342
848 67 345
849 67 355
850 67 366
851 67 372
852 67 374
853 67 376
854 67 398
855 67 399
856 67 401
857 67 416
858 67 417
859 67 419
860 67 446
861 67 451
862 67 454
863 67 455
864 67 462
865 67 464
866 67 483
867 67 492
868 67 499
869 67 500
870 67 536
871 67 538
872 67 545
873 67 585
874 67 607
875 67 671
876 67 684
877 67 686
878 67 693
879 67 721
880 67 737
881 67 739
882 67 770
883 67 795
884 67 805
885 67 809
886 67 811
887 67 814
888 67 828
889 67 847
890 67 881
891 67 884
892 67 889
893 67 892
894 67 904
895 67 906
896 67 908
897 67 923
898 67 944
899 67 967
900 67 968
901 76 124
902 76 337
903 76 492
904 76 967
905 82 124
906 82 337
907 82 492
908 82 967
909 83 92
910 83 100
911 83 107
912 83 124
913 83 150
914 83 169
915 83 182
916 83 196
917 83 228
918 83 258
919 83 265
920 83 278
921 83 281
922 83 286
923 83 287
924 83 301
925 83 311
926 83 337
927 83 338
928 83 339
929 83 340
930 83 342
931 83 355
932 83 366
933 83 372
934 83 374
935 83 376
936 83 398
937 83 399
938 83 451
939 83 455
940 83 483
941 83 492
942 83 499
943 83 536
944 83 721
945 83 805
946 83 811
947 83 828
948 83 884
949 83 967
950 83 968
951 88 92
952 88 124
953 88 258
954 88 337
955 88 342
956 88 492
957 88 967
958 90 124
959 90 492
960 90 967
961 91 124
962 91 258
963 91 337
964 91 342
965 91 451
966 91 492
967 91 721
968 91 884
969 91 967
970 92 100
971 92 105
972 92 107
973 92 124
974 92 150
975 92 157
976 92 169
977 92 182
978 92 196
979 92 208
980 92 213
981 92 225
982 92 226
983 92 228
984 92 258
985 92 259
986 92 265
987 92 278
988 92 281
989 92 283
990 92 286
991 92 287
992 92 301
993 92 305
994 92 310
995 92 311
996 92 336
997 92 337
998 92 338
999 92 339
1000 92 340
1001 92 342
1002 92 345
1003 92 355
1004 92 366
1005 92 372
1006 92 374
1007 92 376
1008 92 398
1009 92 399
1010 92 401
1011 92 451
1012 92 454
1013 92 455
1014 92 483
1015 92 492
1016 92 499
1017 92 500
1018 92 536
1019 92 538
1020 92 545
1021 92 585
1022 92 607
1023 92 671
1024 92 684
1025 92 686
1026 92 721
1027 92 737
1028 92 805
1029 92 811
1030 92 814
1031 92 828
1032 92 881
1033 92 884
1034 92 904
1035 92 923
1036 92 967
1037 92 968
1038 93 124
1039 93 258
1040 93 337
1041 93 492
1042 93 805
1043 93 967
1044 94 124
1045 94 337
1046 94 492
1047 94 967
1048 100 107
1049 100 124
1050 100 150
1051 100 182
1052 100 196
1053 100 258
1054 100 265
1055 100 278
1056 100 286
1057 100 301
1058 100 311
1059 100 337
1060 100 338
1061 100 339
1062 100 340
1063 100 342
1064 100 366
1065 100 372
1066 100 374
1067 100 376
1068 100 398
1069 100 399
1070 100 451
1071 100 455
1072 100 483
1073 100 492
1074 100 499
1075 100 536
1076 100 721
1077 100 805
1078 100 811
1079 100 884
1080 100 923
1081 100 967
1082 105 107
1083 105 124
1084 105 196
1085 105 258
1086 105 286
1087 105 337
1088 105 338
1089 105 342
1090 105 451
1091 105 492
1092 105 721
1093 105 805
1094 105 884
1095 105 967
1096 107 124
1097 107 150
1098 107 157
1099 107 169
1100 107 182
1101 107 196
1102 107 228
1103 107 258
1104 107 265
1105 107 278
1106 107 286
1107 107 287
1108 107 301
1109 107 310
1110 107 311
1111 107 337
1112 107 338
1113 107 339
1114 107 340
1115 107 342
1116 107 355
1117 107 366
1118 107 372
1119 107 374
1120 107 376
1121 107 398
1122 107 399
1123 107 451
1124 107 455
1125 107 483
1126 107 492
1127 107 499
1128 107 536
1129 107 671
1130 107 721
1131 107 737
1132 107 805
1133 107 811
1134 107 828
1135 107 884
1136 107 923
1137 107 967
1138 118 124
1139 122 124
1140 122 258
1141 122 337
1142 122 342
1143 122 451
1144 122 492
1145 122 967
1146 124 126
1147 124 127
1148 124 142
1149 124 148
1150 124 150
1151 124 152
1152 124 157
1153 124 159
1154 124 166
1155 124 168
1156 124 169
1157 124 170
1158 124 174
1159 124 178
1160 124 182
1161 124 183
1162 124 186
1163 124 189
1164 124 196
1165 124 199
1166 124 201
1167 124 203
1168 124 204
1169 124 207
1170 124 208
1171 124 212
1172 124 213
1173 124 225
1174 124 226
1175 124 228
1176 124 232
1177 124 241
1178 124 243
1179 124 246
1180 124 247
1181 124 251
1182 124 256
1183 124 258
1184 124 259
1185 124 262
1186 124 263
1187 124 265
1188 124 271
1189 124 273
1190 124 275
1191 124 276
1192 124 278
1193 124 279
1194 124 281
1195 124 283
1196 124 286
1197 124 287
1198 124 291
1199 124 292
1200 124 296
1201 124 297
1202 124 301
1203 124 305
1204 124 306
1205 124 310
1206 124 311
1207 124 315
1208 124 321
1209 124 322
1210 124 328
1211 124 331
1212 124 336
1213 124 337
1214 124 338
1215 124 339
1216 124 340
1217 124 341
1218 124 342
1219 124 345
1220 124 350
1221 124 352
1222 124 355
1223 124 366
1224 124 368
1225 124 371
1226 124 372
1227 124 374
1228 124 376
1229 124 386
1230 124 391
1231 124 398
1232 124 399
1233 124 401
1234 124 402
1235 124 415
1236 124 416
1237 124 417
1238 124 418
1239 124 419
1240 124 423
1241 124 424
1242 124 425
1243 124 427
1244 124 429
1245 124 431
1246 124 432
1247 124 441
1248 124 444
1249 124 446
1250 124 451
1251 124 452
1252 124 454
1253 124 455
1254 124 462
1255 124 464
1256 124 467
1257 124 483
1258 124 488
1259 124 492
1260 124 494
1261 124 496
1262 124 499
1263 124 500
1264 124 501
1265 124 502
1266 124 530
1267 124 536
1268 124 537
1269 124 538
1270 124 545
1271 124 585
1272 124 605
1273 124 607
1274 124 608
1275 124 610
1276 124 625
1277 124 644
1278 124 645
1279 124 656
1280 124 670
1281 124 671
1282 124 674
1283 124 682
1284 124 684
1285 124 685
1286 124 686
1287 124 691
1288 124 693
1289 124 702
1290 124 705
1291 124 708
1292 124 711
1293 124 721
1294 124 737
1295 124 739
1296 124 741
1297 124 752
1298 124 768
1299 124 770
1300 124 776
1301 124 795
1302 124 799
1303 124 802
1304 124 805
1305 124 808
1306 124 809
1307 124 811
1308 124 814
1309 124 818
1310 124 820
1311 124 822
1312 124 826
1313 124 828
1314 124 837
1315 124 846
1316 124 847
1317 124 881
1318 124 883
1319 124 884
1320 124 889
1321 124 892
1322 124 904
1323 124 905
1324 124 906
1325 124 908
1326 124 910
1327 124 914
1328 124 916
1329 124 920
1330 124 923
1331 124 944
1332 124 956
1333 124 964
1334 124 966
1335 124 967
1336 124 968
1337 124 969
1338 124 970
1339 124 982
1340 126 337
1341 126 492
1342 126 967
1343 142 258
1344 142 337
1345 142 492
1346 142 805
1347 142 967
1348 148 258
1349 148 286
1350 148 337
1351 148 342
1352 148 451
1353 148 492
1354 148 805
1355 148 967
1356 150 182
1357 150 196
1358 150 228
1359 150 258
1360 150 265
1361 150 278
1362 150 286
1363 150 287
1364 150 301
1365 150 311
1366 150 337
1367 150 338
1368 150 339
1369 150 340
1370 150 342
1371 150 355
1372 150 366
1373 150 372
1374 150 374
1375 150 376
1376 150 398
1377 150 399
1378 150 451
1379 150 455
1380 150 483
1381 150 492
1382 150 499
1383 150 536
1384 150 545
1385 150 721
1386 150 805
1387 150 811
1388 150 828
1389 150 884
1390 150 904
1391 150 923
1392 150 967
1393 150 968
1394 152 258
1395 152 337
1396 152 342
1397 152 492
1398 152 805
1399 152 967
1400 157 196
1401 157 258
1402 157 286
1403 157 337
1404 157 338
1405 157 342
1406 157 451
1407 157 492
1408 157 721
1409 157 805
1410 157 884
1411 157 967
1412 159 337
1413 159 492
1414 159 967
1415 166 337
1416 166 492
1417 166 967
1418 168 337
1419 168 492
1420 168 967
1421 169 196
1422 169 258
1423 169 265
1424 169 286
1425 169 311
1426 169 337
1427 169 338
1428 169 339
1429 169 340
1430 169 342
1431 169 399
1432 169 451
1433 169 455
1434 169 492
1435 169 499
1436 169 536
1437 169 721
1438 169 805
1439 169 884
1440 169 967
1441 170 492
1442 174 492
1443 174 967
1444 178 492
1445 178 967
1446 182 196
1447 182 258
1448 182 265
1449 182 278
1450 182 286
1451 182 287
1452 182 301
1453 182 311
1454 182 337
1455 182 338
1456 182 339
1457 182 340
1458 182 342
1459 182 366
1460 182 374
1461 182 398
1462 182 451
1463 182 455
1464 182 483
1465 182 492
1466 182 499
1467 182 536
1468 182 721
1469 182 805
1470 182 811
1471 182 884
1472 182 923
1473 182 967
1474 183 258
1475 183 337
1476 183 342
1477 183 451
1478 183 492
1479 183 884
1480 183 967
1481 186 492
1482 186 967
1483 189 337
1484 189 492
1485 189 967
1486 196 208
1487 196 213
1488 196 225
1489 196 226
1490 196 228
1491 196 256
1492 196 258
1493 196 259
1494 196 265
1495 196 271
1496 196 278
1497 196 281
1498 196 283
1499 196 286
1500 196 287
1501 196 301
1502 196 305
1503 196 310
1504 196 311
1505 196 336
1506 196 337
1507 196 338
1508 196 339
1509 196 340
1510 196 342
1511 196 345
1512 196 355
1513 196 366
1514 196 372
1515 196 374
1516 196 376
1517 196 398
1518 196 399
1519 196 401
1520 196 417
1521 196 451
1522 196 454
1523 196 455
1524 196 483
1525 196 492
1526 196 499
1527 196 500
1528 196 536
1529 196 538
1530 196 545
1531 196 585
1532 196 607
1533 196 671
1534 196 684
1535 196 686
1536 196 721
1537 196 737
1538 196 770
1539 196 805
1540 196 811
1541 196 814
1542 196 828
1543 196 881
1544 196 884
1545 196 889
1546 196 904
1547 196 906
1548 196 923
1549 196 967
1550 196 968
1551 199 967
1552 201 492
1553 201 967
1554 204 258
1555 204 286
1556 204 337
1557 204 342
1558 204 451
1559 204 492
1560 204 884
1561 204 967
1562 208 258
1563 208 265
1564 208 286
1565 208 311
1566 208 337
1567 208 338
1568 208 339
1569 208 342
1570 208 451
1571 208 492
1572 208 499
1573 208 536
1574 208 721
1575 208 805
1576 208 884
1577 208 967
1578 212 258
1579 212 337
1580 212 492
1581 212 967
1582 213 258
1583 213 286
1584 213 337
1585 213 342
1586 213 366
1587 213 374
1588 213 451
1589 213 492
1590 213 721
1591 213 884
1592 213 967
1593 225 258
1594 225 286
1595 225 337
1596 225 342
1597 225 451
1598 225 492
1599 225 721
1600 225 805
1601 225 884
1602 225 967
1603 226 258
1604 226 286
1605 226 311
1606 226 337
1607 226 338
1608 226 342
1609 226 374
1610 226 451
1611 226 483
1612 226 492
1613 226 805
1614 226 884
1615 226 967
1616 228 258
1617 228 265
1618 228 286
1619 228 311
1620 228 337
1621 228 338
1622 228 339
1623 228 340
1624 228 342
1625 228 374
1626 228 399
1627 228 451
1628 228 455
1629 228 483
1630 228 492
1631 228 499
1632 228 536
1633 228 721
1634 228 805
1635 228 884
1636 228 967
1637 232 492
1638 232 967
1639 241 492
1640 243 337
1641 243 492
1642 243 967
1643 246 258
1644 246 337
1645 246 342
1646 246 451
1647 246 492
1648 246 967
1649 247 492
1650 256 258
1651 256 265
1652 256 286
1653 256 311
1654 256 337
1655 256 342
1656 256 451
1657 256 492
1658 256 805
1659 256 967
1660 258 259
1661 258 263
1662 258 265
1663 258 271
1664 258 273
1665 258 278
1666 258 281
1667 258 283
1668 258 286
1669 258 287
1670 258 291
1671 258 292
1672 258 301
1673 258 305
1674 258 310
1675 258 311
1676 258 328
1677 258 331
1678 258 336
1679 258 337
1680 258 338
1681 258 339
1682 258 340
1683 258 342
1684 258 345
1685 258 350
1686 258 355
1687 258 366
1688 258 372
1689 258 374
1690 258 376
1691 258 398
1692 258 399
1693 258 401
1694 258 417
1695 258 418
1696 258 419
1697 258 424
1698 258 425
1699 258 427
1700 258 446
1701 258 451
1702 258 454
1703 258 455
1704 258 462
1705 258 464
1706 258 483
1707 258 492
1708 258 499
1709 258 500
1710 258 530
1711 258 536
1712 258 537
1713 258 538
1714 258 545
1715 258 585
1716 258 607
1717 258 671
1718 258 684
1719 258 686
1720 258 691
1721 258 702
1722 258 705
1723 258 721
1724 258 737
1725 258 739
1726 258 768
1727 258 770
1728 258 795
1729 258 802
1730 258 805
1731 258 808
1732 258 809
1733 258 811
1734 258 814
1735 258 822
1736 258 826
1737 258 828
1738 258 847
1739 258 881
1740 258 884
1741 258 889
1742 258 892
1743 258 904
1744 258 906
1745 258 923
1746 258 967
1747 258 968
1748 259 265
1749 259 286
1750 259 311
1751 259 337
1752 259 338
1753 259 339
1754 259 340
1755 259 342
1756 259 399
1757 259 451
1758 259 455
1759 259 492
1760 259 499
1761 259 536
1762 259 805
1763 259 967
1764 263 337
1765 263 342
1766 263 451
1767 263 492
1768 263 884
1769 263 967
1770 265 278
1771 265 281
1772 265 286
1773 265 287
1774 265 301
1775 265 310
1776 265 311
1777 265 337
1778 265 338
1779 265 339
1780 265 340
1781 265 342
1782 265 355
1783 265 366
1784 265 372
1785 265 374
1786 265 376
1787 265 398
1788 265 399
1789 265 451
1790 265 455
1791 265 483
1792 265 492
1793 265 499
1794 265 500
1795 265 536
1796 265 538
1797 265 545
1798 265 585
1799 265 671
1800 265 686
1801 265 721
1802 265 805
1803 265 811
1804 265 828
1805 265 884
1806 265 967
1807 265 968
1808 271 286
1809 271 337
1810 271 342
1811 271 451
1812 271 492
1813 271 884
1814 271 967
1815 273 337
1816 273 342
1817 273 451
1818 273 492
1819 273 884
1820 273 967
1821 278 281
1822 278 286
1823 278 287
1824 278 301
1825 278 311
1826 278 336
1827 278 337
1828 278 338
1829 278 339
1830 278 340
1831 278 342
1832 278 355
1833 278 366
1834 278 372
1835 278 374
1836 278 376
1837 278 398
1838 278 399
1839 278 451
1840 278 455
1841 278 483
1842 278 492
1843 278 499
1844 278 536
1845 278 545
1846 278 721
1847 278 805
1848 278 811
1849 278 884
1850 278 904
1851 278 967
1852 279 492
1853 281 286
1854 281 311
1855 281 337
1856 281 338
1857 281 339
1858 281 340
1859 281 342
1860 281 372
1861 281 374
1862 281 399
1863 281 451
1864 281 455
1865 281 483
1866 281 492
1867 281 499
1868 281 536
1869 281 805
1870 281 884
1871 281 967
1872 283 286
1873 283 337
1874 283 342
1875 283 451
1876 283 492
1877 283 805
1878 283 967
1879 286 287
1880 286 301
1881 286 305
1882 286 310
1883 286 311
1884 286 336
1885 286 337
1886 286 338
1887 286 339
1888 286 340
1889 286 342
1890 286 345
1891 286 355
1892 286 366
1893 286 372
1894 286 374
1895 286 376
1896 286 398
1897 286 399
1898 286 401
1899 286 425
1900 286 446
1901 286 451
1902 286 454
1903 286 455
1904 286 462
1905 286 483
1906 286 492
1907 286 499
1908 286 500
1909 286 536
1910 286 538
1911 286 545
1912 286 585
1913 286 607
1914 286 671
1915 286 684
1916 286 686
1917 286 721
1918 286 737
1919 286 770
1920 286 795
1921 286 805
1922 286 809
1923 286 811
1924 286 814
1925 286 822
1926 286 828
1927 286 881
1928 286 884
1929 286 889
1930 286 904
1931 286 906
1932 286 923
1933 286 967
1934 286 968
1935 287 301
1936 287 311
1937 287 337
1938 287 338
1939 287 339
1940 287 340
1941 287 342
1942 287 366
1943 287 372
1944 287 374
1945 287 376
1946 287 398
1947 287 451
1948 287 455
1949 287 483
1950 287 492
1951 287 499
1952 287 536
1953 287 721
1954 287 805
1955 287 884
1956 287 923
1957 287 967
1958 291 337
1959 291 492
1960 291 967
1961 292 492
1962 292 967
1963 296 337
1964 296 492
1965 296 967
1966 297 492
1967 301 311
1968 301 337
1969 301 338
1970 301 339
1971 301 340
1972 301 342
1973 301 355
1974 301 366
1975 301 372
1976 301 374
1977 301 376
1978 301 398
1979 301 399
1980 301 451
1981 301 455
1982 301 483
1983 301 492
1984 301 499
1985 301 536
1986 301 545
1987 301 721
1988 301 737
1989 301 805
1990 301 811
1991 301 884
1992 301 904
1993 301 923
1994 301 967
1995 305 337
1996 305 338
1997 305 342
1998 305 451
1999 305 492
2000 305 721
2001 305 805
2002 305 884
2003 305 967
2004 306 492
2005 310 311
2006 310 337
2007 310 338
2008 310 339
2009 310 342
2010 310 374
2011 310 451
2012 310 455
2013 310 492
2014 310 499
2015 310 536
2016 310 721
2017 310 805
2018 310 884
2019 310 967
2020 311 337
2021 311 338
2022 311 339
2023 311 340
2024 311 342
2025 311 355
2026 311 366
2027 311 372
2028 311 374
2029 311 376
2030 311 398
2031 311 399
2032 311 451
2033 311 455
2034 311 483
2035 311 492
2036 311 499
2037 311 500
2038 311 536
2039 311 538
2040 311 545
2041 311 585
2042 311 671
2043 311 686
2044 311 721
2045 311 805
2046 311 811
2047 311 822
2048 311 828
2049 311 881
2050 311 884
2051 311 967
2052 311 968
2053 315 337
2054 315 342
2055 315 492
2056 315 967
2057 321 492
2058 322 337
2059 322 492
2060 322 967
2061 328 337
2062 328 492
2063 328 967
2064 331 337
2065 331 492
2066 331 967
2067 336 337
2068 336 338
2069 336 339
2070 336 342
2071 336 374
2072 336 451
2073 336 483
2074 336 492
2075 336 536
2076 336 805
2077 336 884
2078 336 967
2079 337 338
2080 337 339
2081 337 340
2082 337 342
2083 337 345
2084 337 350
2085 337 355
2086 337 366
2087 337 368
2088 337 372
2089 337 374
2090 337 376
2091 337 391
2092 337 398
2093 337 399
2094 337 401
2095 337 402
2096 337 415
2097 337 416
2098 337 417
2099 337 418
2100 337 419
2101 337 424
2102 337 425
2103 337 427
2104 337 429
2105 337 441
2106 337 446
2107 337 451
2108 337 454
2109 337 455
2110 337 462
2111 337 464
2112 337 483
2113 337 492
2114 337 494
2115 337 496
2116 337 499
2117 337 500
2118 337 530
2119 337 536
2120 337 537
2121 337 538
2122 337 545
2123 337 585
2124 337 605
2125 337 607
2126 337 645
2127 337 670
2128 337 671
2129 337 684
2130 337 686
2131 337 691
2132 337 693
2133 337 702
2134 337 705
2135 337 708
2136 337 721
2137 337 737
2138 337 739
2139 337 768
2140 337 770
2141 337 795
2142 337 799
2143 337 800
2144 337 802
2145 337 805
2146 337 808
2147 337 809
2148 337 811
2149 337 814
2150 337 818
2151 337 820
2152 337 822
2153 337 826
2154 337 828
2155 337 847
2156 337 881
2157 337 884
2158 337 889
2159 337 892
2160 337 904
2161 337 906
2162 337 908
2163 337 916
2164 337 923
2165 337 944
2166 337 966
2167 337 967
2168 337 968
2169 337 969
2170 338 339
2171 338 340
2172 338 342
2173 338 355
2174 338 366
2175 338 372
2176 338 374
2177 338 376
2178 338 398
2179 338 399
2180 338 451
2181 338 455
2182 338 483
2183 338 492
2184 338 499
2185 338 500
2186 338 536
2187 338 538
2188 338 545
2189 338 585
2190 338 607
2191 338 671
2192 338 684
2193 338 686
2194 338 721
2195 338 737
2196 338 805
2197 338 811
2198 338 814
2199 338 828
2200 338 881
2201 338 884
2202 338 904
2203 338 906
2204 338 923
2205 338 967
2206 338 968
2207 339 340
2208 339 342
2209 339 355
2210 339 366
2211 339 372
2212 339 374
2213 339 376
2214 339 398
2215 339 399
2216 339 451
2217 339 455
2218 339 483
2219 339 492
2220 339 499
2221 339 536
2222 339 538
2223 339 545
2224 339 585
2225 339 671
2226 339 686
2227 339 721
2228 339 737
2229 339 805
2230 339 811
2231 339 828
2232 339 881
2233 339 884
2234 339 904
2235 339 923
2236 339 967
2237 339 968
2238 340 342
2239 340 355
2240 340 366
2241 340 372
2242 340 374
2243 340 376
2244 340 398
2245 340 399
2246 340 451
2247 340 455
2248 340 483
2249 340 492
2250 340 499
2251 340 500
2252 340 536
2253 340 538
2254 340 585
2255 340 671
2256 340 686
2257 340 721
2258 340 805
2259 340 811
2260 340 828
2261 340 881
2262 340 884
2263 340 923
2264 340 967
2265 340 968
2266 342 345
2267 342 350
2268 342 355
2269 342 366
2270 342 372
2271 342 374
2272 342 376
2273 342 398
2274 342 399
2275 342 401
2276 342 417
2277 342 418
2278 342 419
2279 342 425
2280 342 427
2281 342 446
2282 342 451
2283 342 454
2284 342 455
2285 342 462
2286 342 464
2287 342 483
2288 342 492
2289 342 499
2290 342 500
2291 342 536
2292 342 538
2293 342 545
2294 342 585
2295 342 607
2296 342 671
2297 342 684
2298 342 686
2299 342 693
2300 342 705
2301 342 721
2302 342 737
2303 342 770
2304 342 795
2305 342 805
2306 342 808
2307 342 809
2308 342 811
2309 342 814
2310 342 822
2311 342 828
2312 342 847
2313 342 881
2314 342 884
2315 342 889
2316 342 892
2317 342 904
2318 342 906
2319 342 923
2320 342 967
2321 342 968
2322 345 451
2323 345 492
2324 345 721
2325 345 805
2326 345 884
2327 345 967
2328 350 492
2329 350 967
2330 352 967
2331 355 372
2332 355 374
2333 355 376
2334 355 398
2335 355 399
2336 355 451
2337 355 455
2338 355 483
2339 355 492
2340 355 499
2341 355 536
2342 355 721
2343 355 805
2344 355 811
2345 355 884
2346 355 967
2347 355 968
2348 366 372
2349 366 374
2350 366 376
2351 366 398
2352 366 451
2353 366 455
2354 366 483
2355 366 492
2356 366 499
2357 366 536
2358 366 545
2359 366 721
2360 366 805
2361 366 828
2362 366 884
2363 366 904
2364 366 923
2365 366 967
2366 368 492
2367 368 967
2368 372 374
2369 372 376
2370 372 398
2371 372 399
2372 372 451
2373 372 455
2374 372 483
2375 372 492
2376 372 499
2377 372 536
2378 372 545
2379 372 721
2380 372 805
2381 372 811
2382 372 828
2383 372 884
2384 372 923
2385 372 967
2386 372 968
2387 374 376
2388 374 398
2389 374 399
2390 374 401
2391 374 451
2392 374 454
2393 374 455
2394 374 483
2395 374 492
2396 374 499
2397 374 536
2398 374 545
2399 374 607
2400 374 684
2401 374 686
2402 374 721
2403 374 805
2404 374 811
2405 374 828
2406 374 884
2407 374 904
2408 374 923
2409 374 967
2410 374 968
2411 376 398
2412 376 399
2413 376 451
2414 376 455
2415 376 483
2416 376 492
2417 376 499
2418 376 536
2419 376 721
2420 376 805
2421 376 811
2422 376 828
2423 376 884
2424 376 923
2425 376 967
2426 376 968
2427 386 492
2428 386 967
2429 391 492
2430 391 967
2431 398 399
2432 398 451
2433 398 455
2434 398 483
2435 398 492
2436 398 499
2437 398 536
2438 398 545
2439 398 684
2440 398 721
2441 398 805
2442 398 811
2443 398 828
2444 398 884
2445 398 904
2446 398 923
2447 398 967
2448 399 451
2449 399 455
2450 399 483
2451 399 492
2452 399 499
2453 399 536
2454 399 686
2455 399 721
2456 399 805
2457 399 811
2458 399 884
2459 399 967
2460 399 968
2461 401 451
2462 401 492
2463 401 805
2464 401 884
2465 401 967
2466 402 492
2467 402 967
2468 415 492
2469 415 967
2470 416 451
2471 416 492
2472 416 967
2473 417 451
2474 417 492
2475 417 721
2476 417 884
2477 417 967
2478 418 492
2479 418 967
2480 419 451
2481 419 492
2482 419 967
2483 424 492
2484 424 805
2485 424 967
2486 425 492
2487 425 805
2488 425 967
2489 427 492
2490 427 967
2491 429 492
2492 429 967
2493 431 492
2494 431 967
2495 441 492
2496 441 967
2497 446 492
2498 446 805
2499 446 967
2500 451 454
2501 451 455
2502 451 462
2503 451 464
2504 451 483
2505 451 492
2506 451 499
2507 451 500
2508 451 536
2509 451 538
2510 451 545
2511 451 585
2512 451 607
2513 451 671
2514 451 684
2515 451 686
2516 451 693
2517 451 721
2518 451 737
2519 451 739
2520 451 768
2521 451 770
2522 451 795
2523 451 805
2524 451 809
2525 451 811
2526 451 814
2527 451 828
2528 451 847
2529 451 881
2530 451 884
2531 451 889
2532 451 892
2533 451 904
2534 451 906
2535 451 908
2536 451 923
2537 451 967
2538 451 968
2539 452 492
2540 452 967
2541 454 483
2542 454 492
2543 454 805
2544 454 884
2545 454 967
2546 455 483
2547 455 492
2548 455 499
2549 455 536
2550 455 585
2551 455 671
2552 455 686
2553 455 721
2554 455 805
2555 455 811
2556 455 828
2557 455 884
2558 455 967
2559 455 968
2560 462 492
2561 462 721
2562 462 884
2563 462 967
2564 464 492
2565 464 884
2566 464 967
2567 467 492
2568 467 967
2569 483 492
2570 483 499
2571 483 536
2572 483 545
2573 483 684
2574 483 721
2575 483 737
2576 483 805
2577 483 811
2578 483 828
2579 483 884
2580 483 904
2581 483 923
2582 483 967
2583 483 968
2584 488 492
2585 488 967
2586 492 494
2587 492 496
2588 492 499
2589 492 500
2590 492 530
2591 492 536
2592 492 537
2593 492 538
2594 492 545
2595 492 585
2596 492 605
2597 492 607
2598 492 625
2599 492 645
2600 492 656
2601 492 670
2602 492 671
2603 492 674
2604 492 682
2605 492 684
2606 492 686
2607 492 691
2608 492 693
2609 492 702
2610 492 705
2611 492 708
2612 492 711
2613 492 721
2614 492 737
2615 492 739
2616 492 752
2617 492 768
2618 492 770
2619 492 795
2620 492 802
2621 492 805
2622 492 808
2623 492 809
2624 492 811
2625 492 814
2626 492 818
2627 492 820
2628 492 822
2629 492 826
2630 492 828
2631 492 847
2632 492 881
2633 492 883
2634 492 884
2635 492 889
2636 492 892
2637 492 904
2638 492 905
2639 492 906
2640 492 908
2641 492 910
2642 492 916
2643 492 920
2644 492 923
2645 492 944
2646 492 966
2647 492 967
2648 492 968
2649 492 969
2650 492 970
2651 494 967
2652 496 967
2653 499 500
2654 499 536
2655 499 538
2656 499 585
2657 499 671
2658 499 686
2659 499 721
2660 499 805
2661 499 811
2662 499 884
2663 499 967
2664 499 968
2665 500 536
2666 500 805
2667 500 967
2668 530 967
2669 536 538
2670 536 585
2671 536 671
2672 536 686
2673 536 721
2674 536 805
2675 536 811
2676 536 822
2677 536 881
2678 536 884
2679 536 967
2680 536 968
2681 537 967
2682 538 805
2683 538 967
2684 545 721
2685 545 805
2686 545 884
2687 545 967
2688 585 805
2689 585 967
2690 605 967
2691 607 721
2692 607 884
2693 607 967
2694 610 967
2695 645 967
2696 656 967
2697 670 967
2698 671 721
2699 671 805
2700 671 884
2701 671 967
2702 682 967
2703 684 721
2704 684 805
2705 684 884
2706 684 967
2707 685 967
2708 686 805
2709 686 967
2710 691 805
2711 691 967
2712 693 721
2713 693 884
2714 693 967
2715 702 967
2716 705 967
2717 708 967
2718 711 967
2719 721 737
2720 721 770
2721 721 805
2722 721 811
2723 721 814
2724 721 828
2725 721 881
2726 721 884
2727 721 889
2728 721 904
2729 721 906
2730 721 923
2731 721 967
2732 721 968
2733 737 805
2734 737 884
2735 737 967
2736 739 967
2737 752 967
2738 768 967
2739 770 884
2740 770 967
2741 795 967
2742 799 967
2743 800 967
2744 802 805
2745 802 967
2746 805 808
2747 805 809
2748 805 811
2749 805 822
2750 805 826
2751 805 828
2752 805 881
2753 805 884
2754 805 892
2755 805 904
2756 805 967
2757 805 968
2758 808 967
2759 809 967
2760 811 884
2761 811 967
2762 811 968
2763 814 884
2764 814 967
2765 818 967
2766 820 967
2767 822 967
2768 826 967
2769 828 884
2770 828 923
2771 828 967
2772 828 968
2773 847 967
2774 881 884
2775 881 967
2776 883 967
2777 884 889
2778 884 904
2779 884 906
2780 884 908
2781 884 923
2782 884 967
2783 884 968
2784 889 967
2785 892 967
2786 904 967
2787 905 967
2788 906 967
2789 908 967
2790 910 967
2791 916 967
2792 920 967
2793 923 967
2794 944 967
2795 966 967
2796 967 968
2797 967 969
2798 967 970
