0 0 6
1 0 11
2 0 20
3 0 32
4 0 42
5 0 45
6 0 62
7 0 66
8 0 67
9 0 83
10 0 92
11 0 100
12 0 105
13 0 107
14 0 124
15 0 150
16 0 157
17 0 182
18 0 196
19 0 213
20 0 226
21 0 228
22 0 258
23 0 263
24 0 265
25 0 278
26 0 281
27 0 286
28 0 287
29 0 301
30 0 311
31 0 336
32 0 337
33 0 338
34 0 339
35 0 340
36 0 342
37 0 355
38 0 366
39 0 372
40 0 374
41 0 376
42 0 398
43 0 399
44 0 451
45 0 454
46 0 455
47 0 483
48 0 492
49 0 499
50 1 6
51 1 11
52 1 42
53 1 124
54 1 258
55 1 311
56 1 337
57 1 451
58 1 492
59 5 6
60 5 11
61 5 42
62 5 62
63 5 67
64 5 92
65 5 124
66 5 258
67 5 311
68 5 337
69 5 342
70 5 451
71 5 492
72 6 8
73 6 9
74 6 11
75 6 13
76 6 17
77 6 20
78 6 26
79 6 31
80 6 32
81 6 42
82 6 45
83 6 48
84 6 60
85 6 62
86 6 66
87 6 67
88 6 76
89 6 82
90 6 83
91 6 88
92 6 90
93 6 91
94 6 92
95 6 93
96 6 94
97 6 100
98 6 105
99 6 107
100 6 122
101 6 124
102 6 126
103 6 142
104 6 143
105 6 148
106 6 150
107 6 152
108 6 157
109 6 159
110 6 166
111 6 168
112 6 169
113 6 170
114 6 174
115 6 178
116 6 182
117 6 183
118 6 186
119 6 189
120 6 196
121 6 199
122 6 201
123 6 204
124 6 207
125 6 208
126 6 212
127 6 213
128 6 225
129 6 226
130 6 228
131 6 232
132 6 243
133 6 246
134 6 247
135 6 251
136 6 255
137 6 256
138 6 258
139 6 259
140 6 262
141 6 263
142 6 265
143 6 271
144 6 273
145 6 275
146 6 278
147 6 279
148 6 281
149 6 283
150 6 286
151 6 287
152 6 291
153 6 292
154 6 296
155 6 297
156 6 301
157 6 305
158 6 306
159 6 310
160 6 311
161 6 315
162 6 322
163 6 328
164 6 331
165 6 336
166 6 337
167 6 338
168 6 339
169 6 340
170 6 342
171 6 345
172 6 350
173 6 355
174 6 366
175 6 368
176 6 371
177 6 372
178 6 374
179 6 376
180 6 386
181 6 391
182 6 398
183 6 399
184 6 401
185 6 402
186 6 415
187 6 416
188 6 417
189 6 418
190 6 419
191 6 424
192 6 425
193 6 427
194 6 429
195 6 431
196 6 441
197 6 444
198 6 446
199 6 451
200 6 452
201 6 454
202 6 455
203 6 462
204 6 464
205 6 467
206 6 483
207 6 488
208 6 492
209 6 494
210 6 496
211 6 499
212 8 11
213 8 42
214 8 62
215 8 67
216 8 92
217 8 124
218 8 196
219 8 258
220 8 265
221 8 286
222 8 311
223 8 337
224 8 338
225 8 339
226 8 340
227 8 342
228 8 451
229 8 455
230 8 492
231 8 499
232 9 11
233 9 42
234 9 124
235 9 258
236 9 337
237 9 492
238 11 20
239 11 32
240 11 42
241 11 45
242 11 62
243 11 66
244 11 67
245 11 83
246 11 92
247 11 93
248 11 94
249 11 100
250 11 105
251 11 107
252 11 124
253 11 142
254 11 148
255 11 150
256 11 152
257 11 157
258 11 169
259 11 182
260 11 196
261 11 204
262 11 208
263 11 212
264 11 225
265 11 226
266 11 228
267 11 246
268 11 256
269 11 258
270 11 259
271 11 262
272 11 263
273 11 265
274 11 271
275 11 278
276 11 281
277 11 283
278 11 286
279 11 287
280 11 291
281 11 301
282 11 305
283 11 310
284 11 311
285 11 328
286 11 331
287 11 336
288 11 337
289 11 338
290 11 339
291 11 340
292 11 342
293 11 345
294 11 350
295 11 355
296 11 366
297 11 372
298 11 374
299 11 376
300 11 398
301 11 399
302 11 401
303 11 418
304 11 424
305 11 425
306 11 427
307 11 446
308 11 451
309 11 454
310 11 455
311 11 483
312 11 492
313 11 494
314 11 499
315 13 42
316 13 124
317 13 337
318 13 492
319 17 42
320 17 124
321 17 337
322 17 492
323 18 124
324 20 42
325 20 45
326 20 62
327 20 67
328 20 83
329 20 92
330 20 100
331 20 107
332 20 124
333 20 150
334 20 196
335 20 258
336 20 265
337 20 286
338 20 311
339 20 337
340 20 338
341 20 339
342 20 340
343 20 342
344 20 374
345 20 398
346 20 451
347 20 483
348 20 492
349 26 124
350 26 492
351 31 42
352 31 124
353 31 258
354 31 337
355 31 342
356 31 451
357 31 492
358 32 42
359 32 67
360 32 92
361 32 124
362 32 196
363 32 258
364 32 286
365 32 337
366 32 338
367 32 342
368 32 374
369 32 451
370 32 483
371 32 492
372 42 45
373 42 62
374 42 66
375 42 67
376 42 76
377 42 83
378 42 88
379 42 91
380 42 92
381 42 93
382 42 94
383 42 100
384 42 105
385 42 107
386 42 122
387 42 124
388 42 126
389 42 142
390 42 148
391 42 150
392 42 152
393 42 157
394 42 159
395 42 166
396 42 168
397 42 169
398 42 182
399 42 183
400 42 189
401 42 196
402 42 201
403 42 204
404 42 208
405 42 212
406 42 213
407 42 225
408 42 226
409 42 228
410 42 243
411 42 246
412 42 256
413 42 258
414 42 259
415 42 263
416 42 265
417 42 271
418 42 273
419 42 278
420 42 281
421 42 283
422 42 286
423 42 287
424 42 291
425 42 301
426 42 305
427 42 310
428 42 311
429 42 315
430 42 328
431 42 336
432 42 337
433 42 338
434 42 339
435 42 340
436 42 342
437 42 345
438 42 350
439 42 355
440 42 366
441 42 368
442 42 372
443 42 374
444 42 376
445 42 391
446 42 398
447 42 399
448 42 401
449 42 402
450 42 416
451 42 417
452 42 418
453 42 419
454 42 424
455 42 425
456 42 427
457 42 441
458 42 446
459 42 451
460 42 454
461 42 455
462 42 462
463 42 464
464 42 483
465 42 488
466 42 492
467 42 499
468 45 62
469 45 66
470 45 67
471 45 83
472 45 92
473 45 100
474 45 105
475 45 107
476 45 124
477 45 150
478 45 157
479 45 169
480 45 182
481 45 196
482 45 228
483 45 258
484 45 265
485 45 278
486 45 286
487 45 287
488 45 301
489 45 310
490 45 311
491 45 337
492 45 338
493 45 339
494 45 340
495 45 342
496 45 355
497 45 366
498 45 372
499 45 374
500 45 376
501 45 398
502 45 399
503 45 451
504 45 455
505 45 483
506 45 492
507 45 499
508 48 124
509 60 124
510 62 67
511 62 83
512 62 92
513 62 100
514 62 107
515 62 124
516 62 150
517 62 169
518 62 182
519 62 196
520 62 208
521 62 226
522 62 228
523 62 258
524 62 259
525 62 265
526 62 278
527 62 281
528 62 286
529 62 287
530 62 301
531 62 310
532 62 311
533 62 337
534 62 338
535 62 339
536 62 340
537 62 342
538 62 355
539 62 366
540 62 372
541 62 374
542 62 376
543 62 398
544 62 399
545 62 451
546 62 455
547 62 483
548 62 492
549 62 499
550 66 67
551 66 92
552 66 124
553 66 196
554 66 258
555 66 278
556 66 286
557 66 301
558 66 337
559 66 338
560 66 342
561 66 366
562 66 372
563 66 374
564 66 451
565 66 483
566 66 492
567 67 76
568 67 83
569 67 88
570 67 91
571 67 92
572 67 100
573 67 105
574 67 107
575 67 122
576 67 124
577 67 150
578 67 157
579 67 169
580 67 182
581 67 183
582 67 196
583 67 204
584 67 208
585 67 213
586 67 225
587 67 226
588 67 228
589 67 246
590 67 256
591 67 258
592 67 259
593 67 263
594 67 265
595 67 271
596 67 273
597 67 278
598 67 281
599 67 283
600 67 286
601 67 287
602 67 301
603 67 305
604 67 310
605 67 311
606 67 336
607 67 337
608 67 338
609 67 339
610 67 340
611 67 342
612 67 345
613 67 355
614 67 366
615 67 372
616 67 374
617 67 376
618 67 398
619 67 399
620 67 401
621 67 416
622 67 417
623 67 419
624 67 446
625 67 451
626 67 454
627 67 455
628 67 462
629 67 464
630 67 483
631 67 492
632 67 499
633 76 124
634 76 337
635 76 492
636 82 124
637 82 337
638 82 492
639 83 92
640 83 100
641 83 107
642 83 124
643 83 150
644 83 169
645 83 182
646 83 196
647 83 228
648 83 258
649 83 265
650 83 278
651 83 281
652 83 286
653 83 287
654 83 301
655 83 311
656 83 337
657 83 338
658 83 339
659 83 340
660 83 342
661 83 355
662 83 366
663 83 372
664 83 374
665 83 376
666 83 398
667 83 399
668 83 451
669 83 455
670 83 483
671 83 492
672 83 499
673 88 92
674 88 124
675 88 258
676 88 337
677 88 342
678 88 492
679 90 124
680 90 492
681 91 124
682 91 258
683 91 337
684 91 342
685 91 451
686 91 492
687 92 100
688 92 105
689 92 107
690 92 124
691 92 150
692 92 157
693 92 169
694 92 182
695 92 196
696 92 208
697 92 213
698 92 225
699 92 226
700 92 228
701 92 258
702 92 259
703 92 265
704 92 278
705 92 281
706 92 283
707 92 286
708 92 287
709 92 301
710 92 305
711 92 310
712 92 311
713 92 336
714 92 337
715 92 338
716 92 339
717 92 340
718 92 342
719 92 345
720 92 355
721 92 366
722 92 372
723 92 374
724 92 376
725 92 398
726 92 399
727 92 401
728 92 451
729 92 454
730 92 455
731 92 483
732 92 492
733 92 499
734 93 124
735 93 258
736 93 337
737 93 492
738 94 124
739 94 337
740 94 492
741 100 107
742 100 124
743 100 150
744 100 182
745 100 196
746 100 258
747 100 265
748 100 278
749 100 286
750 100 301
751 100 311
752 100 337
753 100 338
754 100 339
755 100 340
756 100 342
757 100 366
758 100 372
759 100 374
760 100 376
761 100 398
762 100 399
763 100 451
764 100 455
765 100 483
766 100 492
767 100 499
768 105 107
769 105 124
770 105 196
771 105 258
772 105 286
773 105 337
774 105 338
775 105 342
776 105 451
777 105 492
778 107 124
779 107 150
780 107 157
781 107 169
782 107 182
783 107 196
784 107 228
785 107 258
786 107 265
787 107 278
788 107 286
789 107 287
790 107 301
791 107 310
792 107 311
793 107 337
794 107 338
795 107 339
796 107 340
797 107 342
798 107 355
799 107 366
800 107 372
801 107 374
802 107 376
803 107 398
804 107 399
805 107 451
806 107 455
807 107 483
808 107 492
809 107 499
810 118 124
811 122 124
812 122 258
813 122 337
814 122 342
815 122 451
816 122 492
817 124 126
818 124 127
819 124 142
820 124 148
821 124 150
822 124 152
823 124 157
824 124 159
825 124 166
826 124 168
827 124 169
828 124 170
829 124 174
830 124 178
831 124 182
832 124 183
833 124 186
834 124 189
835 124 196
836 124 199
837 124 201
838 124 203
839 124 204
840 124 207
841 124 208
842 124 212
843 124 213
844 124 225
845 124 226
846 124 228
847 124 232
848 124 241
849 124 243
850 124 246
851 124 247
852 124 251
853 124 256
854 124 258
855 124 259
856 124 262
857 124 263
858 124 265
859 124 271
860 124 273
861 124 275
862 124 276
863 124 278
864 124 279
865 124 281
866 124 283
867 124 286
868 124 287
869 124 291
870 124 292
871 124 296
872 124 297
873 124 301
874 124 305
875 124 306
876 124 310
877 124 311
878 124 315
879 124 321
880 124 322
881 124 328
882 124 331
883 124 336
884 124 337
885 124 338
886 124 339
887 124 340
888 124 341
889 124 342
890 124 345
891 124 350
892 124 352
893 124 355
894 124 366
895 124 368
896 124 371
897 124 372
898 124 374
899 124 376
900 124 386
901 124 391
902 124 398
903 124 399
904 124 401
905 124 402
906 124 415
907 124 416
908 124 417
909 124 418
910 124 419
911 124 423
912 124 424
913 124 425
914 124 427
915 124 429
916 124 431
917 124 432
918 124 441
919 124 444
920 124 446
921 124 451
922 124 452
923 124 454
924 124 455
925 124 462
926 124 464
927 124 467
928 124 483
929 124 488
930 124 492
931 124 494
932 124 496
933 124 499
934 126 337
935 126 492
936 142 258
937 142 337
938 142 492
939 148 258
940 148 286
941 148 337
942 148 342
943 148 451
944 148 492
945 150 182
946 150 196
947 150 228
948 150 258
949 150 265
950 150 278
951 150 286
952 150 287
953 150 301
954 150 311
955 150 337
956 150 338
957 150 339
958 150 340
959 150 342
960 150 355
961 150 366
962 150 372
963 150 374
964 150 376
965 150 398
966 150 399
967 150 451
968 150 455
969 150 483
970 150 492
971 150 499
972 152 258
973 152 337
974 152 342
975 152 492
976 157 196
977 157 258
978 157 286
979 157 337
980 157 338
981 157 342
982 157 451
983 157 492
984 159 337
985 159 492
986 166 337
987 166 492
988 168 337
989 168 492
990 169 196
991 169 258
992 169 265
993 169 286
994 169 311
995 169 337
996 169 338
997 169 339
998 169 340
999 169 342
1000 169 399
1001 169 451
1002 169 455
1003 169 492
1004 169 499
1005 170 492
1006 174 492
1007 178 492
1008 182 196
1009 182 258
1010 182 265
1011 182 278
1012 182 286
1013 182 287
1014 182 301
1015 182 311
1016 182 337
1017 182 338
1018 182 339
1019 182 340
1020 182 342
1021 182 366
1022 182 374
1023 182 398
1024 182 451
1025 182 455
1026 182 483
1027 182 492
1028 182 499
1029 183 258
1030 183 337
1031 183 342
1032 183 451
1033 183 492
1034 186 492
1035 189 337
1036 189 492
1037 196 208
1038 196 213
1039 196 225
1040 196 226
1041 196 228
1042 196 256
1043 196 258
1044 196 259
1045 196 265
1046 196 271
1047 196 278
1048 196 281
1049 196 283
1050 196 286
1051 196 287
1052 196 301
1053 196 305
1054 196 310
1055 196 311
1056 196 336
1057 196 337
1058 196 338
1059 196 339
1060 196 340
1061 196 342
1062 196 345
1063 196 355
1064 196 366
1065 196 372
1066 196 374
1067 196 376
1068 196 398
1069 196 399
1070 196 401
1071 196 417
1072 196 451
1073 196 454
1074 196 455
1075 196 483
1076 196 492
1077 196 499
1078 201 492
1079 204 258
1080 204 286
1081 204 337
1082 204 342
1083 204 451
1084 204 492
1085 208 258
1086 208 265
1087 208 286
1088 208 311
1089 208 337
1090 208 338
1091 208 339
1092 208 342
1093 208 451
1094 208 492
1095 208 499
1096 212 258
1097 212 337
1098 212 492
1099 213 258
1100 213 286
1101 213 337
1102 213 342
1103 213 366
1104 213 374
1105 213 451
1106 213 492
1107 225 258
1108 225 286
1109 225 337
1110 225 342
1111 225 451
1112 225 492
1113 226 258
1114 226 286
1115 226 311
1116 226 337
1117 226 338
1118 226 342
1119 226 374
1120 226 451
1121 226 483
1122 226 492
1123 228 258
1124 228 265
1125 228 286
1126 228 311
1127 228 337
1128 228 338
1129 228 339
1130 228 340
1131 228 342
1132 228 374
1133 228 399
1134 228 451
1135 228 455
1136 228 483
1137 228 492
1138 228 499
1139 232 492
1140 241 492
1141 243 337
1142 243 492
1143 246 258
1144 246 337
1145 246 342
1146 246 451
1147 246 492
1148 247 492
1149 256 258
1150 256 265
1151 256 286
1152 256 311
1153 256 337
1154 256 342
1155 256 451
1156 256 492
1157 258 259
1158 258 263
1159 258 265
1160 258 271
1161 258 273
1162 258 278
1163 258 281
1164 258 283
1165 258 286
1166 258 287
1167 258 291
1168 258 292
1169 258 301
1170 258 305
1171 258 310
1172 258 311
1173 258 328
1174 258 331
1175 258 336
1176 258 337
1177 258 338
1178 258 339
1179 258 340
1180 258 342
1181 258 345
1182 258 350
1183 258 355
1184 258 366
1185 258 372
1186 258 374
1187 258 376
1188 258 398
1189 258 399
1190 258 401
1191 258 417
1192 258 418
1193 258 419
1194 258 424
1195 258 425
1196 258 427
1197 258 446
1198 258 451
1199 258 454
1200 258 455
1201 258 462
1202 258 464
1203 258 483
1204 258 492
1205 258 499
1206 259 265
1207 259 286
1208 259 311
1209 259 337
1210 259 338
1211 259 339
1212 259 340
1213 259 342
1214 259 399
1215 259 451
1216 259 455
1217 259 492
1218 259 499
1219 263 337
1220 263 342
1221 263 451
1222 263 492
1223 265 278
1224 265 281
1225 265 286
1226 265 287
1227 265 301
1228 265 310
1229 265 311
1230 265 337
1231 265 338
1232 265 339
1233 265 340
1234 265 342
1235 265 355
1236 265 366
1237 265 372
1238 265 374
1239 265 376
1240 265 398
1241 265 399
1242 265 451
1243 265 455
1244 265 483
1245 265 492
1246 265 499
1247 271 286
1248 271 337
1249 271 342
1250 271 451
1251 271 492
1252 273 337
1253 273 342
1254 273 451
1255 273 492
1256 278 281
1257 278 286
1258 278 287
1259 278 301
1260 278 311
1261 278 336
1262 278 337
1263 278 338
1264 278 339
1265 278 340
1266 278 342
1267 278 355
1268 278 366
1269 278 372
1270 278 374
1271 278 376
1272 278 398
1273 278 399
1274 278 451
1275 278 455
1276 278 483
1277 278 492
1278 278 499
1279 279 492
1280 281 286
1281 281 311
1282 281 337
1283 281 338
1284 281 339
1285 281 340
1286 281 342
1287 281 372
1288 281 374
1289 281 399
1290 281 451
1291 281 455
1292 281 483
1293 281 492
1294 281 499
1295 283 286
1296 283 337
1297 283 342
1298 283 451
1299 283 492
1300 286 287
1301 286 301
1302 286 305
1303 286 310
1304 286 311
1305 286 336
1306 286 337
1307 286 338
1308 286 339
1309 286 340
1310 286 342
1311 286 345
1312 286 355
1313 286 366
1314 286 372
1315 286 374
1316 286 376
1317 286 398
1318 286 399
1319 286 401
1320 286 425
1321 286 446
1322 286 451
1323 286 454
1324 286 455
1325 286 462
1326 286 483
1327 286 492
1328 286 499
1329 287 301
1330 287 311
1331 287 337
1332 287 338
1333 287 339
1334 287 340
1335 287 342
1336 287 366
1337 287 372
1338 287 374
1339 287 376
1340 287 398
1341 287 451
1342 287 455
1343 287 483
1344 287 492
1345 287 499
1346 291 337
1347 291 492
1348 292 492
1349 296 337
1350 296 492
1351 297 492
1352 301 311
1353 301 337
1354 301 338
1355 301 339
1356 301 340
1357 301 342
1358 301 355
1359 301 366
1360 301 372
1361 301 374
1362 301 376
1363 301 398
1364 301 399
1365 301 451
1366 301 455
1367 301 483
1368 301 492
1369 301 499
1370 305 337
1371 305 338
1372 305 342
1373 305 451
1374 305 492
1375 306 492
1376 310 311
1377 310 337
1378 310 338
1379 310 339
1380 310 342
1381 310 374
1382 310 451
1383 310 455
1384 310 492
1385 310 499
1386 311 337
1387 311 338
1388 311 339
1389 311 340
1390 311 342
1391 311 355
1392 311 366
1393 311 372
1394 311 374
1395 311 376
1396 311 398
1397 311 399
1398 311 451
1399 311 455
1400 311 483
1401 311 492
1402 311 499
1403 315 337
1404 315 342
1405 315 492
1406 321 492
1407 322 337
1408 322 492
1409 328 337
1410 328 492
1411 331 337
1412 331 492
1413 336 337
1414 336 338
1415 336 339
1416 336 342
1417 336 374
1418 336 451
1419 336 483
1420 336 492
1421 337 338
1422 337 339
1423 337 340
1424 337 342
1425 337 345
1426 337 350
1427 337 355
1428 337 366
1429 337 368
1430 337 372
1431 337 374
1432 337 376
1433 337 391
1434 337 398
1435 337 399
1436 337 401
1437 337 402
1438 337 415
1439 337 416
1440 337 417
1441 337 418
1442 337 419
1443 337 424
1444 337 425
1445 337 427
1446 337 429
1447 337 441
1448 337 446
1449 337 451
1450 337 454
1451 337 455
1452 337 462
1453 337 464
1454 337 483
1455 337 492
1456 337 494
1457 337 496
1458 337 499
1459 338 339
1460 338 340
1461 338 342
1462 338 355
1463 338 366
1464 338 372
1465 338 374
1466 338 376
1467 338 398
1468 338 399
1469 338 451
1470 338 455
1471 338 483
1472 338 492
1473 338 499
1474 339 340
1475 339 342
1476 339 355
1477 339 366
1478 339 372
1479 339 374
1480 339 376
1481 339 398
1482 339 399
1483 339 451
1484 339 455
1485 339 483
1486 339 492
1487 339 499
1488 340 342
1489 340 355
1490 340 366
1491 340 372
1492 340 374
1493 340 376
1494 340 398
1495 340 399
1496 340 451
1497 340 455
1498 340 483
1499 340 492
1500 340 499
1501 342 345
1502 342 350
1503 342 355
1504 342 366
1505 342 372
1506 342 374
1507 342 376
1508 342 398
1509 342 399
1510 342 401
1511 342 417
1512 342 418
1513 342 419
1514 342 425
1515 342 427
1516 342 446
1517 342 451
1518 342 454
1519 342 455
1520 342 462
1521 342 464
1522 342 483
1523 342 492
1524 342 499
1525 345 451
1526 345 492
1527 350 492
1528 355 372
1529 355 374
1530 355 376
1531 355 398
1532 355 399
1533 355 451
1534 355 455
1535 355 483
1536 355 492
1537 355 499
1538 366 372
1539 366 374
1540 366 376
1541 366 398
1542 366 451
1543 366 455
1544 366 483
1545 366 492
1546 366 499
1547 368 492
1548 372 374
1549 372 376
1550 372 398
1551 372 399
1552 372 451
1553 372 455
1554 372 483
1555 372 492
1556 372 499
1557 374 376
1558 374 398
1559 374 399
1560 374 401
1561 374 451
1562 374 454
1563 374 455
1564 374 483
1565 374 492
1566 374 499
1567 376 398
1568 376 399
1569 376 451
1570 376 455
1571 376 483
1572 376 492
1573 376 499
1574 386 492
1575 391 492
1576 398 399
1577 398 451
1578 398 455
1579 398 483
1580 398 492
1581 398 499
1582 399 451
1583 399 455
1584 399 483
1585 399 492
1586 399 499
1587 401 451
1588 401 492
1589 402 492
1590 415 492
1591 416 451
1592 416 492
1593 417 451
1594 417 492
1595 418 492
1596 419 451
1597 419 492
1598 424 492
1599 425 492
1600 427 492
1601 429 492
1602 431 492
1603 441 492
1604 446 492
1605 451 454
1606 451 455
1607 451 462
1608 451 464
1609 451 483
1610 451 492
1611 451 499
1612 452 492
1613 454 483
1614 454 492
1615 455 483
1616 455 492
1617 455 499
1618 462 492
1619 464 492
1620 467 492
1621 483 492
1622 483 499
1623 488 492
1624 492 494
1625 492 496
1626 492 499
